waiting for 1 second sample...

# SINGLE CPU[HYPER] STATISTICS
#Time        Cpu  User Nice  Sys Wait IRQ  Soft Steal Guest NiceG Idle
23:21:27       0     2    0    0    0    0    0     0     0     0   97
23:21:27       1    10   10    5    0    0    0     0     0     0   75
23:21:27       2     2    3    0    0    0    0     0     0     0   94
23:21:27       3    28    0   71    0    0    0     0     0     0    0
23:21:27       4     4    0    1    0    0    0     0     0     0   92
23:21:27       5     6    0    2    0    0    0     0     0     0   91
23:21:27       6     1    2    1    0    0    0     0     0     0   95
23:21:27       7     1    0    2    1    0    1     0     0     0   94
23:21:28       0    33    6    3    0    0    0     0     0     0   58
23:21:28       1     5   28    5    0    0    0     0     0     0   62
23:21:28       2    31    9    4    0    0    0     0     0     0   56
23:21:28       3    40    0   59    0    0    0     0     0     0    0
23:21:28       4     6    3    3    0    0    0     0     0     0   87
23:21:28       5    34    4    2    0    0    0     0     0     0   59
23:21:28       6     2    4    0    0    0    0     0     0     0   93
23:21:28       7     3    0    1    0    0    0     0     0     0   94
23:21:29       0   100    0    0    0    0    0     0     0     0    0
23:21:29       1     0    1    1    0    0    0     0     0     0   98
23:21:29       2   100    0    0    0    0    0     0     0     0    0
23:21:29       3    98    0    1    0    0    0     0     0     0    0
23:21:29       4     1    0    1    0    0    0     0     0     0   98
23:21:29       5   100    0    0    0    0    0     0     0     0    0
23:21:29       6     4    0    0    0    0    0     0     0     0   94
23:21:29       7     0    0    0    0    0    0     0     0     0  100
23:21:30       0   100    0    0    0    0    0     0     0     0    0
23:21:30       1     5    0    0    0    0    0     0     0     0   94
23:21:30       2    98    0    2    0    0    0     0     0     0    0
23:21:30       3   100    0    0    0    0    0     0     0     0    0
23:21:30       4     4    0    0    0    0    0     0     0     0   96
23:21:30       5    99    0    1    0    0    0     0     0     0    0
23:21:30       6     4    0    0    0    0    0     0     0     0   93
23:21:30       7     4    0    1    0    0    0     0     0     0   95
23:21:31       0    93    0    7    0    0    0     0     0     0    0
23:21:31       1     7    6    2    2    0    0     0     0     0   82
23:21:31       2    28   23    2    1    0    0     0     0     0   45
23:21:31       3    75    0    1    0    0    0     0     0     0   22
23:21:31       4    12   23    3    0    0    0     0     0     0   61
23:21:31       5    95    0    5    0    0    0     0     0     0    0
23:21:31       6    94    0    5    0    0    0     0     0     0    0
23:21:31       7     8    7    3    0    0    0     0     0     0   81
23:21:32       0    97    0    3    0    0    0     0     0     0    0
23:21:32       1     3   26    1    0    0    0     0     0     0   69
23:21:32       2     0   16    1    0    0    0     0     0     0   82
23:21:32       3    96    0    3    0    0    0     0     0     0    0
23:21:32       4     1    3    1    0    0    0     0     0     0   94
23:21:32       5    90    0   10    0    0    0     0     0     0    0
23:21:32       6    99    0    1    0    0    0     0     0     0    0
23:21:32       7     1   55    0    1    0    0     0     0     0   43
23:21:33       0    96    0    4    0    0    0     0     0     0    0
23:21:33       1     0    4    1    0    0    0     0     0     0   95
23:21:33       2    12    7    2    0    0    0     0     0     0   79
23:21:33       3    99    0    0    0    0    0     0     0     0    0
23:21:33       4     2    0    1    0    0    0     0     0     0   97
23:21:33       5   100    0    0    0    0    0     0     0     0    0
23:21:33       6    99    0    1    0    0    0     0     0     0    0
23:21:33       7     1    1    0    0    0    0     0     0     0   97
23:21:34       0   100    0    0    0    0    0     0     0     0    0
23:21:34       1     1    0    0    0    0    0     0     0     0   99
23:21:34       2     8    0    1    1    0    0     0     0     0   89
23:21:34       3    98    0    1    0    0    0     0     0     0    0
23:21:34       4     0    1    0    0    0    0     0     0     0   98
23:21:34       5   100    0    0    0    0    0     0     0     0    0
23:21:34       6    99    0    1    0    0    0     0     0     0    0
23:21:34       7     1    0    1    0    0    0     0     0     0   98
23:21:35       0    99    0    1    0    0    0     0     0     0    0
23:21:35       1     1    0    0    0    0    0     0     0     0   98
23:21:35       2     1    0    2    0    0    0     0     0     0   96
23:21:35       3    98    0    1    0    0    0     0     0     0    0
23:21:35       4     2    0    3    1    0    0     0     0     0   94
23:21:35       5    99    0    1    0    0    0     0     0     0    0
23:21:35       6    99    0    1    0    0    0     0     0     0    0
23:21:35       7     1    0    1    0    0    0     0     0     0   97
23:21:36       0   100    0    0    0    0    0     0     0     0    0
23:21:36       1     0    0    0    0    0    0     0     0     0   98
23:21:36       2     0    0    0    0    0    0     0     0     0  100
23:21:36       3    99    0    1    0    0    0     0     0     0    0
23:21:36       4     0    0    0    0    0    0     0     0     0  100
23:21:36       5   100    0    0    0    0    0     0     0     0    0
23:21:36       6   100    0    0    0    0    0     0     0     0    0
23:21:36       7     0    0    0    0    0    0     0     0     0  100
23:21:37       0   100    0    0    0    0    0     0     0     0    0
23:21:37       1    11    0    1    0    0    0     0     0     0   87
23:21:37       2     2    0    2    0    0    0     0     0     0   96
23:21:37       3    98    0    2    0    0    0     0     0     0    0
23:21:37       4     2    0    1    0    0    0     0     0     0   96
23:21:37       5    99    0    1    0    0    0     0     0     0    0
23:21:37       6    99    0    1    0    0    0     0     0     0    0
23:21:37       7     7    0    1    0    0    0     0     0     0   91
23:21:38       0    98    0    2    0    0    0     0     0     0    0
23:21:38       1     8    0    2    0    0    0     0     0     0   89
23:21:38       2     6    0    1    0    0    0     0     0     0   92
23:21:38       3    98    0    2    0    0    0     0     0     0    0
23:21:38       4     6    0    0    0    0    0     0     0     0   93
23:21:38       5   100    0    0    0    0    0     0     0     0    0
23:21:38       6   100    0    0    0    0    0     0     0     0    0
23:21:38       7     7    0    1    2    0    0     0     0     0   89
23:21:39       0    98    0    2    0    0    0     0     0     0    0
23:21:39       1     0    0    0    0    0    0     0     0     0  100
23:21:39       2     0    0    0    0    0    0     0     0     0  100
23:21:39       3   100    0    0    0    0    0     0     0     0    0
23:21:39       4     0    0    0    0    0    0     0     0     0  100
23:21:39       5    99    0    1    0    0    0     0     0     0    0
23:21:39       6    99    0    1    0    0    0     0     0     0    0
23:21:39       7     0    0    0    0    0    0     0     0     0  100
23:21:40       0    99    0    1    0    0    0     0     0     0    0
23:21:40       1     1    0    0    0    0    0     0     0     0   98
23:21:40       2     1    0    0    0    0    0     0     0     0   99
23:21:40       3    97    0    2    0    0    0     0     0     0    0
23:21:40       4     1    0    1    0    0    0     0     0     0   98
23:21:40       5    99    0    1    0    0    0     0     0     0    0
23:21:40       6    99    0    1    0    0    0     0     0     0    0
23:21:40       7     2    0    0    0    0    0     0     0     0   98
23:21:41       0    60    7    3    0    0    0     0     0     0   27
23:21:41       1     3    3    3    0    0    0     0     0     0   87
23:21:41       2    40    0    0    0    0    0     0     0     0   57
23:21:41       3    93    0    6    0    0    0     0     0     0    0
23:21:41       4    19    1    0    1    0    0     0     0     0   78
23:21:41       5    97    0    3    0    0    0     0     0     0    0
23:21:41       6    99    0    1    0    0    0     0     0     0    0
23:21:41       7    10    5    3    3    0    0     0     0     0   78
23:21:42       0    17    2    0    0    0    0     0     0     0   77
23:21:42       1     6    1    4    0    0    0     0     0     0   89
23:21:42       2    82    0    7    0    0    0     0     0     0   11
23:21:42       3    89    0   10    0    0    0     0     0     0    0
23:21:42       4     5   26    1    0    0    0     0     0     0   67
23:21:42       5    92    0    8    0    0    0     0     0     0    0
23:21:42       6    96    0    2    0    0    0     0     0     0    0
23:21:42       7     5    0    1    0    0    0     0     0     0   93
23:21:43       0    98    0    1    0    0    0     0     0     0    0
23:21:43       1     1   10    1    0    0    0     0     0     0   87
23:21:43       2     1    6    1    0    0    0     0     0     0   92
23:21:43       3    98    0    2    0    0    0     0     0     0    0
23:21:43       4     1   25    1    0    0    0     0     0     0   70
23:21:43       5    98    0    2    0    0    0     0     0     0    0
23:21:43       6    98    0    1    0    0    0     0     0     0    0
23:21:43       7     1    0    0    0    0    0     0     0     0   96
23:21:44       0    98    0    2    0    0    0     0     0     0    0
23:21:44       1     2   31    2    0    0    0     0     0     0   62
23:21:44       2     1   50    0    0    0    0     0     0     0   48
23:21:44       3    97    0    2    0    0    0     0     0     0    0
23:21:44       4     0   11    3    0    0    0     0     0     0   86
23:21:44       5    98    0    2    0    0    0     0     0     0    0
23:21:44       6   100    0    0    0    0    0     0     0     0    0
23:21:44       7    10    4    4    0    0    0     0     0     0   82
23:21:45       0    99    0    1    0    0    0     0     0     0    0
23:21:45       1     0   21    2    0    0    0     0     0     0   76
23:21:45       2     1    8    3    1    0    0     0     0     0   87
23:21:45       3    98    0    1    0    0    0     0     0     0    0
23:21:45       4     0    6    1    2    0    0     0     0     0   91
23:21:45       5    99    0    1    0    0    0     0     0     0    0
23:21:45       6   100    0    0    0    0    0     0     0     0    0
23:21:45       7     1    1    2    0    0    0     0     0     0   95
23:21:46       0    99    0    1    0    0    0     0     0     0    0
23:21:46       1     0    4    2    0    0    0     0     0     0   94
23:21:46       2     0    4    0    0    0    0     0     0     0   93
23:21:46       3    99    0    0    0    0    0     0     0     0    0
23:21:46       4     2    5    0    0    0    0     0     0     0   93
23:21:46       5    99    0    1    0    0    0     0     0     0    0
23:21:46       6   100    0    0    0    0    0     0     0     0    0
23:21:46       7     2    0    1    0    0    0     0     0     0   97
23:21:47       0   100    0    0    0    0    0     0     0     0    0
23:21:47       1     0    0    0    0    0    0     0     0     0  100
23:21:47       2     1    0    0    0    0    0     0     0     0   98
23:21:47       3   100    0    0    0    0    0     0     0     0    0
23:21:47       4     0    0    0    0    0    0     0     0     0   98
23:21:47       5   100    0    0    0    0    0     0     0     0    0
23:21:47       6   100    0    0    0    0    0     0     0     0    0
23:21:47       7     0    0    0    0    0    0     0     0     0  100
23:21:48       0   100    0    0    0    0    0     0     0     0    0
23:21:48       1     0    0    0    0    0    0     0     0     0  100
23:21:48       2     0    0    0    0    0    0     0     0     0  100
23:21:48       3   100    0    0    0    0    0     0     0     0    0
23:21:48       4     1    0    0    0    0    0     0     0     0   99
23:21:48       5   100    0    0    0    0    0     0     0     0    0
23:21:48       6   100    0    0    0    0    0     0     0     0    0
23:21:48       7     1    0    0    0    0    0     0     0     0   99

# SINGLE CPU[HYPER] STATISTICS
#Time        Cpu  User Nice  Sys Wait IRQ  Soft Steal Guest NiceG Idle
23:21:49       0   100    0    0    0    0    0     0     0     0    0
23:21:49       1     0    0    0    0    0    0     0     0     0   98
23:21:49       2     0    0    1    0    0    0     0     0     0   99
23:21:49       3    99    0    1    0    0    0     0     0     0    0
23:21:49       4     0    0    1    0    0    0     0     0     0   98
23:21:49       5   100    0    0    0    0    0     0     0     0    0
23:21:49       6    99    0    0    0    0    0     0     0     0    0
23:21:49       7     1    0    0    0    0    0     0     0     0   99
23:21:50       0    98    0    2    0    0    0     0     0     0    0
23:21:50       1     0    0    1    0    0    0     0     0     0   98
23:21:50       2     1    0    0    0    0    0     0     0     0   98
23:21:50       3    97    0    2    0    0    0     0     0     0    0
23:21:50       4     1    0    0    0    0    0     0     0     0   98
23:21:50       5    98    0    2    0    0    0     0     0     0    0
23:21:50       6   100    0    0    0    0    0     0     0     0    0
23:21:50       7     0    0    1    0    0    0     0     0     0   97
23:21:51       0   100    0    0    0    0    0     0     0     0    0
23:21:51       1     0    0    3    0    0    0     0     0     0   96
23:21:51       2     1    0    0    0    0    0     0     0     0   99
23:21:51       3   100    0    0    0    0    0     0     0     0    0
23:21:51       4     1    0    0    0    0    0     0     0     0   98
23:21:51       5   100    0    0    0    0    0     0     0     0    0
23:21:51       6    99    0    0    0    0    0     0     0     0    0
23:21:51       7     4    0    0    0    0    0     0     0     0   96
23:21:52       0    99    0    1    0    0    0     0     0     0    0
23:21:52       1     1    0    0    0    0    0     0     0     0   99
23:21:52       2     0    0    1    0    0    0     0     0     0   99
23:21:52       3   100    0    0    0    0    0     0     0     0    0
23:21:52       4     0    1    1    0    0    0     0     0     0   98
23:21:52       5    99    0    1    0    0    0     0     0     0    0
23:21:52       6   100    0    0    0    0    0     0     0     0    0
23:21:52       7     0    0    0    0    0    0     0     0     0  100
23:21:53       0   100    0    0    0    0    0     0     0     0    0
23:21:53       1     0    0    1    0    0    0     0     0     0   98
23:21:53       2     2    0    0    0    0    0     0     0     0   97
23:21:53       3    99    0    1    0    0    0     0     0     0    0
23:21:53       4     1    0    1    0    0    0     0     0     0   96
23:21:53       5   100    0    0    0    0    0     0     0     0    0
23:21:53       6   100    0    0    0    0    0     0     0     0    0
23:21:53       7     1    0    1    0    0    0     0     0     0   96
23:21:54       0   100    0    0    0    0    0     0     0     0    0
23:21:54       1     2    0    0    0    0    0     0     0     0   98
23:21:54       2     0    0    0    0    0    0     0     0     0  100
23:21:54       3    99    0    0    0    0    0     0     0     0    0
23:21:54       4     1    0    0    0    0    0     0     0     0   98
23:21:54       5    99    0    1    0    0    0     0     0     0    0
23:21:54       6   100    0    0    0    0    0     0     0     0    0
23:21:54       7     0    0    0    0    0    0     0     0     0  100
23:21:55       0   100    0    0    0    0    0     0     0     0    0
23:21:55       1     4    2    4    0    0    0     0     0     0   89
23:21:55       2     3    2    4    0    0    0     0     0     0   91
23:21:55       3   100    0    0    0    0    0     0     0     0    0
23:21:55       4     4    0    4    0    0    0     0     0     0   91
23:21:55       5   100    0    0    0    0    0     0     0     0    0
23:21:55       6   100    0    0    0    0    0     0     0     0    0
23:21:55       7     4    3    2    0    0    0     0     0     0   91
23:21:56       0   100    0    0    0    0    0     0     0     0    0
23:21:56       1     1    8    1    1    0    0     0     0     0   88
23:21:56       2     1   13    1    0    0    0     0     0     0   84
23:21:56       3   100    0    0    0    0    0     0     0     0    0
23:21:56       4     1    7    1    0    0    0     0     0     0   90
23:21:56       5   100    0    0    0    0    0     0     0     0    0
23:21:56       6   100    0    0    0    0    0     0     0     0    0
23:21:56       7     2   17    0    1    0    0     0     0     0   80
23:21:57       0   100    0    0    0    0    0     0     0     0    0
23:21:57       1     1    7    0    0    0    0     0     0     0   91
23:21:57       2     1   23    1    0    0    0     0     0     0   74
23:21:57       3   100    0    0    0    0    0     0     0     0    0
23:21:57       4     1   30    1    0    0    0     0     0     0   67
23:21:57       5   100    0    0    0    0    0     0     0     0    0
23:21:57       6   100    0    0    0    0    0     0     0     0    0
23:21:57       7     1   37    0    0    0    0     0     0     0   61
23:21:58       0   100    0    0    0    0    0     0     0     0    0
23:21:58       1     2   14    1    0    0    0     0     0     0   82
23:21:58       2     1   19    2    0    0    0     0     0     0   77
23:21:58       3   100    0    0    0    0    0     0     0     0    0
23:21:58       4     3   51    1    0    0    0     0     0     0   45
23:21:58       5   100    0    0    0    0    0     0     0     0    0
23:21:58       6   100    0    0    0    0    0     0     0     0    0
23:21:58       7     1   13    1    0    0    0     0     0     0   84
23:21:59       0    89    0    0    0    0    0     0     0     0   11
23:21:59       1    14    1    0    0    0    0     0     0     0   84
23:21:59       2     2    0    1    0    0    0     0     0     0   96
23:21:59       3   100    0    0    0    0    0     0     0     0    0
23:21:59       4     2    0    2    0    0    0     0     0     0   95
23:21:59       5   100    0    0    0    0    0     0     0     0    0
23:21:59       6   100    0    0    0    0    0     0     0     0    0
23:21:59       7     1    1    1    0    0    0     0     0     0   97
23:22:00       0   100    0    0    0    0    0     0     0     0    0
23:22:00       1     0    0    0    0    0    0     0     0     0  100
23:22:00       2     1    0    1    0    0    0     0     0     0   98
23:22:00       3   100    0    0    0    0    0     0     0     0    0
23:22:00       4     1    0    1    0    0    0     0     0     0   98
23:22:00       5   100    0    0    0    0    0     0     0     0    0
23:22:00       6   100    0    0    0    0    0     0     0     0    0
23:22:00       7     1    1    0    0    0    0     0     0     0   97
23:22:01       0    99    0    1    0    0    0     0     0     0    0
23:22:01       1    22    0    2    0    0    0     0     0     0   76
23:22:01       2    10    0    2    0    0    0     0     0     0   87
23:22:01       3    99    0    1    0    0    0     0     0     0    0
23:22:01       4    75    0    8    0    0    0     0     0     0   16
23:22:01       5    99    0    1    0    0    0     0     0     0    0
23:22:01       6    99    0    0    0    0    0     0     0     0    0
23:22:01       7     8    0    4    0    0    0     0     0     0   87
23:22:02       0   100    0    0    0    0    0     0     0     0    0
23:22:02       1     2    0    1    0    0    0     0     0     0   96
23:22:02       2     2    0    0    0    0    0     0     0     0   97
23:22:02       3   100    0    0    0    0    0     0     0     0    0
23:22:02       4     1    0    2    1    0    0     0     0     0   96
23:22:02       5   100    0    0    0    0    0     0     0     0    0
23:22:02       6   100    0    0    0    0    0     0     0     0    0
23:22:02       7     2    1    1    0    0    0     0     0     0   95
23:22:03       0   100    0    0    0    0    0     0     0     0    0
23:22:03       1     1    1    1    0    0    0     0     0     0   96
23:22:03       2     3    1    0    0    0    0     0     0     0   96
23:22:03       3   100    0    0    0    0    0     0     0     0    0
23:22:03       4     1    0    2    0    0    0     0     0     0   96
23:22:03       5   100    0    0    0    0    0     0     0     0    0
23:22:03       6   100    0    0    0    0    0     0     0     0    0
23:22:03       7     2    0    0    0    0    0     0     0     0   97
23:22:04       0   100    0    0    0    0    0     0     0     0    0
23:22:04       1     1    1    2    0    0    0     0     0     0   95
23:22:04       2     1    0    2    0    0    0     0     0     0   96
23:22:04       3   100    0    0    0    0    0     0     0     0    0
23:22:04       4     1    0    2    0    0    0     0     0     0   96
23:22:04       5   100    0    0    0    0    0     0     0     0    0
23:22:04       6   100    0    0    0    0    0     0     0     0    0
23:22:04       7     2    0    1    0    0    0     0     0     0   96
23:22:05       0   100    0    0    0    0    0     0     0     0    0
23:22:05       1     3    0    0    0    0    0     0     0     0   96
23:22:05       2     1    2    2    0    0    0     0     0     0   94
23:22:05       3   100    0    0    0    0    0     0     0     0    0
23:22:05       4     2    0    6    0    0    0     0     0     0   91
23:22:05       5   100    0    0    0    0    0     0     0     0    0
23:22:05       6   100    0    0    0    0    0     0     0     0    0
23:22:05       7     5    0    4    0    0    0     0     0     0   90
23:22:06       0   100    0    0    0    0    0     0     0     0    0
23:22:06       1     1    1    1    0    0    0     0     0     0   96
23:22:06       2     1    0    0    0    0    0     0     0     0   97
23:22:06       3   100    0    0    0    0    0     0     0     0    0
23:22:06       4     0    0    2    0    0    0     0     0     0   97
23:22:06       5   100    0    0    0    0    0     0     0     0    0
23:22:06       6   100    0    0    0    0    0     0     0     0    0
23:22:06       7     1    0    0    0    0    0     0     0     0   98
23:22:07       0   100    0    0    0    0    0     0     0     0    0
23:22:07       1     4    0    1    0    0    0     0     0     0   94
23:22:07       2     1    0    1    0    0    0     0     0     0   97
23:22:07       3    99    0    0    0    0    0     0     0     0    0
23:22:07       4     4    0    1    0    0    0     0     0     0   94
23:22:07       5   100    0    0    0    0    0     0     0     0    0
23:22:07       6   100    0    0    0    0    0     0     0     0    0
23:22:07       7    12    1    2    0    0    0     0     0     0   84
23:22:08       0   100    0    0    0    0    0     0     0     0    0
23:22:08       1    23    0    2    0    0    0     0     0     0   74
23:22:08       2     0    1    2    0    0    0     0     0     0   96
23:22:08       3   100    0    0    0    0    0     0     0     0    0
23:22:08       4     2    1    2    0    0    0     0     0     0   95
23:22:08       5   100    0    0    0    0    0     0     0     0    0
23:22:08       6   100    0    0    0    0    0     0     0     0    0
23:22:08       7     3    0    3    0    0    0     0     0     0   93
23:22:09       0   100    0    0    0    0    0     0     0     0    0
23:22:09       1    18    1    1    0    0    0     0     0     0   79
23:22:09       2     8    0    1    1    0    0     0     0     0   89
23:22:09       3   100    0    0    0    0    0     0     0     0    0
23:22:09       4    10    0    2    0    0    0     0     0     0   88
23:22:09       5   100    0    0    0    0    0     0     0     0    0
23:22:09       6   100    0    0    0    0    0     0     0     0    0
23:22:09       7     3    0    0    0    0    0     0     0     0   96
23:22:10       0    99    0    1    0    0    0     0     0     0    0
23:22:10       1     7    0    3    0    0    0     0     0     0   89
23:22:10       2     3    1    1    0    0    0     0     0     0   94
23:22:10       3    99    0    1    0    0    0     0     0     0    0
23:22:10       4    17    0    1    1    0    0     0     0     0   80
23:22:10       5   100    0    0    0    0    0     0     0     0    0
23:22:10       6   100    0    0    0    0    0     0     0     0    0
23:22:10       7     3    0    1    0    0    0     0     0     0   95

# SINGLE CPU[HYPER] STATISTICS
#Time        Cpu  User Nice  Sys Wait IRQ  Soft Steal Guest NiceG Idle
23:22:11       0   100    0    0    0    0    0     0     0     0    0
23:22:11       1    23    0    3    0    0    0     0     0     0   70
23:22:11       2    17    0    4    0    0    0     0     0     0   78
23:22:11       3    99    0    0    0    0    0     0     0     0    0
23:22:11       4    25    0    3    0    0    0     0     0     0   71
23:22:11       5    99    0    1    0    0    0     0     0     0    0
23:22:11       6   100    0    0    0    0    0     0     0     0    0
23:22:11       7     7    1    6    1    0    0     0     0     0   85
23:22:12       0   100    0    0    0    0    0     0     0     0    0
23:22:12       1     5    0    2    0    0    0     0     0     0   92
23:22:12       2    12    1    2    0    0    0     0     0     0   82
23:22:12       3   100    0    0    0    0    0     0     0     0    0
23:22:12       4    25    0    3    0    0    0     0     0     0   72
23:22:12       5   100    0    0    0    0    0     0     0     0    0
23:22:12       6   100    0    0    0    0    0     0     0     0    0
23:22:12       7    18    0    2    0    0    0     0     0     0   79
23:22:13       0   100    0    0    0    0    0     0     0     0    0
23:22:13       1    15    0    4    0    0    0     0     0     0   81
23:22:13       2    29    0    4    0    0    0     0     0     0   66
23:22:13       3   100    0    0    0    0    0     0     0     0    0
23:22:13       4    10    1    5    0    0    0     0     0     0   83
23:22:13       5   100    0    0    0    0    0     0     0     0    0
23:22:13       6   100    0    0    0    0    0     0     0     0    0
23:22:13       7     5    1    3    0    0    1     0     0     0   89
23:22:14       0   100    0    0    0    0    0     0     0     0    0
23:22:14       1    10    0    4    0    0    0     0     0     0   84
23:22:14       2    16    0    3    0    0    0     0     0     0   79
23:22:14       3   100    0    0    0    0    0     0     0     0    0
23:22:14       4    13    0    6    0    0    0     0     0     0   78
23:22:14       5    99    0    1    0    0    0     0     0     0    0
23:22:14       6   100    0    0    0    0    0     0     0     0    0
23:22:14       7    13    0    5    0    0    0     0     0     0   80
23:22:15       0   100    0    0    0    0    0     0     0     0    0
23:22:15       1    26    0    4    0    0    0     0     0     0   68
23:22:15       2    11    0    9    0    0    0     0     0     0   78
23:22:15       3   100    0    0    0    0    0     0     0     0    0
23:22:15       4    11    1    8    0    0    0     0     0     0   80
23:22:15       5   100    0    0    0    0    0     0     0     0    0
23:22:15       6   100    0    0    0    0    0     0     0     0    0
23:22:15       7    10    0    9    0    0    0     0     0     0   80
23:22:16       0   100    0    0    0    0    0     0     0     0    0
23:22:16       1    17    0    7    0    0    0     0     0     0   75
23:22:16       2    19    0    1    0    0    0     0     0     0   78
23:22:16       3    99    0    1    0    0    0     0     0     0    0
23:22:16       4    18    0    1    0    0    0     0     0     0   79
23:22:16       5   100    0    0    0    0    0     0     0     0    0
23:22:16       6   100    0    0    0    0    0     0     0     0    0
23:22:16       7    16    0    4    0    0    0     0     0     0   79
23:22:17       0   100    0    0    0    0    0     0     0     0    0
23:22:17       1    17    0    3    0    0    0     0     0     0   78
23:22:17       2     3    0    1    0    0    0     0     0     0   95
23:22:17       3    99    0    0    0    0    0     0     0     0    0
23:22:17       4     6    0    4    0    0    0     0     0     0   87
23:22:17       5   100    0    0    0    0    0     0     0     0    0
23:22:17       6   100    0    0    0    0    0     0     0     0    0
23:22:17       7    19    0    5    0    0    0     0     0     0   74
23:22:18       0   100    0    0    0    0    0     0     0     0    0
23:22:18       1     4    1    3    0    0    0     0     0     0   92
23:22:18       2     3    0    1    0    0    0     0     0     0   95
23:22:18       3   100    0    0    0    0    0     0     0     0    0
23:22:18       4    28    0    1    0    0    0     0     0     0   69
23:22:18       5    99    0    1    0    0    0     0     0     0    0
23:22:18       6   100    0    0    0    0    0     0     0     0    0
23:22:18       7    16    0    3    0    0    0     0     0     0   79
23:22:19       0    99    0    1    0    0    0     0     0     0    0
23:22:19       1     9    0    2    0    0    0     0     0     0   89
23:22:19       2    28    0    3    0    0    0     0     0     0   67
23:22:19       3   100    0    0    0    0    0     0     0     0    0
23:22:19       4    16    1    3    0    0    0     0     0     0   79
23:22:19       5   100    0    0    0    0    0     0     0     0    0
23:22:19       6   100    0    0    0    0    0     0     0     0    0
23:22:19       7    18    1    5    0    0    1     0     0     0   75
23:22:20       0    99    0    1    0    0    0     0     0     0    0
23:22:20       1     3    0    1    0    0    0     0     0     0   96
23:22:20       2     4    0    0    0    0    0     0     0     0   94
23:22:20       3    99    0    0    0    0    0     0     0     0    0
23:22:20       4     1    0    0    0    0    0     0     0     0   98
23:22:20       5    99    0    0    0    0    0     0     0     0    0
23:22:20       6   100    0    0    0    0    0     0     0     0    0
23:22:20       7     1    0    2    0    0    0     0     0     0   96
23:22:21       0    69    0    1    0    0    0     0     0     0   30
23:22:21       1     0    0    1    1    0    0     0     0     0   97
23:22:21       2     1    0    0    1    0    0     0     0     0   97
23:22:21       3    67    0    2    0    0    0     0     0     0   30
23:22:21       4     2    0    1    0    0    0     0     0     0   96
23:22:21       5    67    0    2    0    0    0     0     0     0   30
23:22:21       6    77    0   22    0    0    0     0     0     0    0
23:22:21       7     0    0    0    1    0    0     0     0     0   98
23:22:22       0    79    0    1    0    0    0     0     0     0   20
23:22:22       1     0    0    0    0    0    0     0     0     0  100
23:22:22       2     0    0    0    0    0    0     0     0     0  100
23:22:22       3    80    0    0    0    0    0     0     0     0   20
23:22:22       4     1    0    1    0    0    0     0     0     0   98
23:22:22       5    80    0    0    0    0    0     0     0     0   20
23:22:22       6    92    0    8    0    0    0     0     0     0    0
23:22:22       7     0    0    0    0    0    0     0     0     0  100
23:22:23       0   100    0    0    0    0    0     0     0     0    0
23:22:23       1     0    1    1    0    0    0     0     0     0   97
23:22:23       2     2    0    0    0    0    0     0     0     0   98
23:22:23       3   100    0    0    0    0    0     0     0     0    0
23:22:23       4     2    1    0    0    0    0     0     0     0   96
23:22:23       5   100    0    0    0    0    0     0     0     0    0
23:22:23       6   100    0    0    0    0    0     0     0     0    0
23:22:23       7     0    0    0    0    0    0     0     0     0  100
23:22:24       0   100    0    0    0    0    0     0     0     0    0
23:22:24       1     0    0    0    0    0    0     0     0     0  100
23:22:24       2     0    0    1    0    0    0     0     0     0   99
23:22:24       3   100    0    0    0    0    0     0     0     0    0
23:22:24       4     1    0    1    0    0    0     0     0     0   98
23:22:24       5   100    0    0    0    0    0     0     0     0    0
23:22:24       6   100    0    0    0    0    0     0     0     0    0
23:22:24       7     1    0    0    0    0    0     0     0     0   99
23:22:25       0   100    0    0    0    0    0     0     0     0    0
23:22:25       1     1    0    2    0    0    0     0     0     0   97
23:22:25       2     2    0    2    0    0    0     0     0     0   96
23:22:25       3   100    0    0    0    0    0     0     0     0    0
23:22:25       4     1    0    1    0    0    0     0     0     0   98
23:22:25       5   100    0    0    0    0    0     0     0     0    0
23:22:25       6   100    0    0    0    0    0     0     0     0    0
23:22:25       7     0    0    3    0    0    0     0     0     0   95
23:22:26       0   100    0    0    0    0    0     0     0     0    0
23:22:26       1     0    0    0    0    0    0     0     0     0  100
23:22:26       2     1    0    0    0    0    0     0     0     0   98
23:22:26       3   100    0    0    0    0    0     0     0     0    0
23:22:26       4     3    0    0    0    0    0     0     0     0   97
23:22:26       5   100    0    0    0    0    0     0     0     0    0
23:22:26       6   100    0    0    0    0    0     0     0     0    0
23:22:26       7     1    0    0    0    0    0     0     0     0   98
23:22:27       0   100    0    0    0    0    0     0     0     0    0
23:22:27       1     0    1    0    0    0    0     0     0     0   99
23:22:27       2     0    0    1    0    0    0     0     0     0   99
23:22:27       3   100    0    0    0    0    0     0     0     0    0
23:22:27       4     0    0    0    0    0    0     0     0     0  100
23:22:27       5   100    0    0    0    0    0     0     0     0    0
23:22:27       6   100    0    0    0    0    0     0     0     0    0
23:22:27       7     1    0    0    0    0    0     0     0     0   99
23:22:28       0   100    0    0    0    0    0     0     0     0    0
23:22:28       1     1    0    1    1    0    0     0     0     0   97
23:22:28       2     1    0    1    0    0    0     0     0     0   98
23:22:28       3   100    0    0    0    0    0     0     0     0    0
23:22:28       4     0    0    0    0    0    0     0     0     0   97
23:22:28       5   100    0    0    0    0    0     0     0     0    0
23:22:28       6   100    0    0    0    0    0     0     0     0    0
23:22:28       7     1    0    0    0    0    0     0     0     0   97
23:22:29       0   100    0    0    0    0    0     0     0     0    0
23:22:29       1     1    0    0    0    0    0     0     0     0   98
23:22:29       2     0    0    0    0    0    0     0     0     0  100
23:22:29       3   100    0    0    0    0    0     0     0     0    0
23:22:29       4     0    0    0    0    0    0     0     0     0  100
23:22:29       5   100    0    0    0    0    0     0     0     0    0
23:22:29       6   100    0    0    0    0    0     0     0     0    0
23:22:29       7     1    0    0    0    0    0     0     0     0   98
23:22:30       0   100    0    0    0    0    0     0     0     0    0
23:22:30       1     1    0    1    0    0    0     0     0     0   98
23:22:30       2     1    0    0    0    0    0     0     0     0   99
23:22:30       3   100    0    0    0    0    0     0     0     0    0
23:22:30       4     0    0    0    0    0    0     0     0     0   98
23:22:30       5   100    0    0    0    0    0     0     0     0    0
23:22:30       6   100    0    0    0    0    0     0     0     0    0
23:22:30       7     0    0    0    0    0    0     0     0     0   98
23:22:31       0   100    0    0    0    0    0     0     0     0    0
23:22:31       1     0    0    0    0    0    0     0     0     0   98
23:22:31       2     1    1    0    0    0    0     0     0     0   98
23:22:31       3   100    0    0    0    0    0     0     0     0    0
23:22:31       4     2    0    0    0    0    0     0     0     0   98
23:22:31       5   100    0    0    0    0    0     0     0     0    0
23:22:31       6   100    0    0    0    0    0     0     0     0    0
23:22:31       7     0    0    0    0    0    0     0     0     0  100
23:22:32       0   100    0    0    0    0    0     0     0     0    0
23:22:32       1     3    0    0    0    0    0     0     0     0   96
23:22:32       2     2    0    1    0    0    0     0     0     0   96
23:22:32       3   100    0    0    0    0    0     0     0     0    0
23:22:32       4     4    0    0    0    0    0     0     0     0   95
23:22:32       5   100    0    0    0    0    0     0     0     0    0
23:22:32       6   100    0    0    0    0    0     0     0     0    0
23:22:32       7     3    0    0    0    0    0     0     0     0   95

# SINGLE CPU[HYPER] STATISTICS
#Time        Cpu  User Nice  Sys Wait IRQ  Soft Steal Guest NiceG Idle
23:22:33       0   100    0    0    0    0    0     0     0     0    0
23:22:33       1     1    0    0    0    0    0     0     0     0   99
23:22:33       2     1    0    0    1    0    0     0     0     0   98
23:22:33       3   100    0    0    0    0    0     0     0     0    0
23:22:33       4     1    0    0    0    0    0     0     0     0   99
23:22:33       5   100    0    0    0    0    0     0     0     0    0
23:22:33       6   100    0    0    0    0    0     0     0     0    0
23:22:33       7     1    0    0    0    0    0     0     0     0   99
23:22:34       0   100    0    0    0    0    0     0     0     0    0
23:22:34       1     0    0    0    0    0    0     0     0     0  100
23:22:34       2     1    0    0    0    0    0     0     0     0   98
23:22:34       3   100    0    0    0    0    0     0     0     0    0
23:22:34       4     1    0    0    0    0    0     0     0     0   99
23:22:34       5   100    0    0    0    0    0     0     0     0    0
23:22:34       6   100    0    0    0    0    0     0     0     0    0
23:22:34       7     1    0    0    0    0    0     0     0     0   98
23:22:35       0   100    0    0    0    0    0     0     0     0    0
23:22:35       1     1    0    0    0    0    0     0     0     0   98
23:22:35       2     1    1    0    0    0    0     0     0     0   98
23:22:35       3    99    0    0    0    0    0     0     0     0    0
23:22:35       4     3    0    2    0    0    0     0     0     0   95
23:22:35       5   100    0    0    0    0    0     0     0     0    0
23:22:35       6    95    0    3    0    0    0     0     0     0    0
23:22:35       7     2    0    2    0    0    0     0     0     0   95
23:22:36       0   100    0    0    0    0    0     0     0     0    0
23:22:36       1     1    0    0    0    0    0     0     0     0   99
23:22:36       2     0    0    1    0    0    0     0     0     0   99
23:22:36       3   100    0    0    0    0    0     0     0     0    0
23:22:36       4     0    0    0    0    0    0     0     0     0  100
23:22:36       5   100    0    0    0    0    0     0     0     0    0
23:22:36       6   100    0    0    0    0    0     0     0     0    0
23:22:36       7     1    0    0    0    0    0     0     0     0   99
23:22:37       0   100    0    0    0    0    0     0     0     0    0
23:22:37       1     0    0    1    0    0    0     0     0     0   98
23:22:37       2     0    0    0    0    0    0     0     0     0  100
23:22:37       3   100    0    0    0    0    0     0     0     0    0
23:22:37       4     1    0    0    0    0    0     0     0     0   98
23:22:37       5   100    0    0    0    0    0     0     0     0    0
23:22:37       6    95    0    3    1    0    0     0     0     0    0
23:22:37       7     0    0    0    0    0    0     0     0     0   98
23:22:38       0    52    0    0    0    0    0     0     0     0   47
23:22:38       1     1    0    0    0    0    0     0     0     0   99
23:22:38       2     0    0    0    0    0    0     0     0     0  100
23:22:38       3    52    0    0    0    0    0     0     0     0   47
23:22:38       4     0    0    0    0    0    0     0     0     0  100
23:22:38       5    54    0    0    0    0    0     0     0     0   46
23:22:38       6    56    0   43    1    0    0     0     0     0    0
23:22:38       7     1    0    0    0    0    0     0     0     0   99
23:22:39       0    79    0    0    0    0    0     0     0     0   20
23:22:39       1     0    0    0    0    0    0     0     0     0  100
23:22:39       2     0    0    0    0    0    0     0     0     0  100
23:22:39       3    79    0    0    0    0    0     0     0     0   21
23:22:39       4     0    0    1    0    0    0     0     0     0   99
23:22:39       5    79    0    0    0    0    0     0     0     0   21
23:22:39       6    93    0    6    0    0    0     0     0     0    0
23:22:39       7     1    0    0    0    0    0     0     0     0   99
23:22:40       0    66    0    1    0    0    0     0     0     0   33
23:22:40       1     0    0    0    0    0    0     0     0     0   98
23:22:40       2     0    0    0    0    0    0     0     0     0  100
23:22:40       3    67    0    0    0    0    0     0     0     0   33
23:22:40       4     1    0    0    0    0    0     0     0     0   99
23:22:40       5    66    0    1    0    0    0     0     0     0   33
23:22:40       6    72    0   28    0    0    0     0     0     0    0
23:22:40       7     0    0    0    0    0    0     0     0     0  100
23:22:41       0    62    0    0    0    0    0     0     0     0   36
23:22:41       1     0    0    0    0    0    0     0     0     0  100
23:22:41       2     0    0    0    0    0    0     0     0     0  100
23:22:41       3    62    0    0    0    0    0     0     0     0   38
23:22:41       4     1    0    0    0    0    0     0     0     0   99
23:22:41       5    63    0    0    0    0    0     0     0     0   37
23:22:41       6    81    0   18    0    0    0     0     0     0    0
23:22:41       7     0    0    0    0    0    0     0     0     0  100
23:22:42       0    83    0    0    0    0    0     0     0     0   17
23:22:42       1     0    0    0    0    0    0     0     0     0  100
23:22:42       2     0    0    1    0    0    0     0     0     0   98
23:22:42       3    84    0    0    0    0    0     0     0     0   16
23:22:42       4     0    0    1    0    0    0     0     0     0   99
23:22:42       5    83    0    1    0    0    0     0     0     0   16
23:22:42       6    82    0   18    0    0    0     0     0     0    0
23:22:42       7     3    0    0    0    0    0     0     0     0   96
23:22:43       0    65    0   25    0    0    0     0     0     0    9
23:22:43       1     0    0    1    0    0    0     0     0     0   99
23:22:43       2    50    0    0    0    0    0     0     0     0   50
23:22:43       3    49    0    0    0    0    0     0     0     0   50
23:22:43       4     1    0    0    1    0    0     0     0     0   98
23:22:43       5    49    0    0    0    0    0     0     0     0   51
23:22:43       6     4    0    6    0    0    0     0     0     0   90
23:22:43       7     0    0    0    0    0    0     0     0     0   98
23:22:44       0    90    0   10    0    0    0     0     0     0    0
23:22:44       1     1    0    0    0    0    0     0     0     0   98
23:22:44       2    95    0    1    0    0    0     0     0     0    4
23:22:44       3    95    0    0    0    0    0     0     0     0    3
23:22:44       4     0    0    0    0    0    0     0     0     0  100
23:22:44       5    98    0    0    0    0    0     0     0     0    2
23:22:44       6     0    0    0    0    0    0     0     0     0  100
23:22:44       7     1    0    0    0    0    0     0     0     0   98
23:22:45       0    61    0   39    0    0    0     0     0     0    0
23:22:45       1     2    0    1    0    0    0     0     0     0   97
23:22:45       2    34    0    0    1    0    0     0     0     0   64
23:22:45       3    34    0    0    0    0    0     0     0     0   64
23:22:45       4     0    0    1    0    0    0     0     0     0   99
23:22:45       5    34    0    1    0    0    0     0     0     0   65
23:22:45       6     0    0    3    0    0    0     0     0     0   97
23:22:45       7     1    0    0    0    0    0     0     0     0   99
23:22:46       0    97    0    3    0    0    0     0     0     0    0
23:22:46       1     1    0    0    0    0    0     0     0     0   99
23:22:46       2   100    0    0    0    0    0     0     0     0    0
23:22:46       3   100    0    0    0    0    0     0     0     0    0
23:22:46       4     0    0    0    0    0    0     0     0     0  100
23:22:46       5   100    0    0    0    0    0     0     0     0    0
23:22:46       6     1    0    0    0    0    0     0     0     0   98
23:22:46       7     0    0    0    0    0    0     0     0     0  100
23:22:47       0    53    0   46    0    0    0     0     0     0    0
23:22:47       1     0    0    0    0    0    0     0     0     0  100
23:22:47       2    31    0    0    0    0    0     0     0     0   67
23:22:47       3    32    0    0    0    0    0     0     0     0   67
23:22:47       4     0    0    1    0    0    0     0     0     0   99
23:22:47       5    35    0    0    0    0    0     0     0     0   65
23:22:47       6     0    0    0    0    0    0     0     0     0  100
23:22:47       7     1    0    0    0    0    0     0     0     0   98
23:22:48       0   100    0    0    0    0    0     0     0     0    0
23:22:48       1     0    0    0    0    0    0     0     0     0   98
23:22:48       2   100    0    0    0    0    0     0     0     0    0
23:22:48       3   100    0    0    0    0    0     0     0     0    0
23:22:48       4     0    0    0    0    0    0     0     0     0   98
23:22:48       5   100    0    0    0    0    0     0     0     0    0
23:22:48       6     0    0    0    0    0    0     0     0     0  100
23:22:48       7     0    0    0    0    0    0     0     0     0   99
23:22:49       0    56    0   43    0    0    0     0     0     0    0
23:22:49       1     0    0    0    0    0    0     0     0     0  100
23:22:49       2    28    0    1    0    0    0     0     0     0   71
23:22:49       3    30    0    0    0    0    0     0     0     0   70
23:22:49       4     1    0    0    0    0    0     0     0     0   98
23:22:49       5    31    0    0    0    0    0     0     0     0   69
23:22:49       6     1    0    0    0    0    0     0     0     0   99
23:22:49       7     1    0    1    0    0    0     0     0     0   98
23:22:50       0    98    0    2    0    0    0     0     0     0    0
23:22:50       1     2    0    0    0    0    0     0     0     0   98
23:22:50       2   100    0    0    0    0    0     0     0     0    0
23:22:50       3   100    0    0    0    0    0     0     0     0    0
23:22:50       4     0    0    0    0    0    0     0     0     0  100
23:22:50       5   100    0    0    0    0    0     0     0     0    0
23:22:50       6     0    0    0    0    0    0     0     0     0  100
23:22:50       7     1    0    0    0    0    0     0     0     0   99
23:22:51       0    55    0   44    0    0    0     0     0     0    1
23:22:51       1     0    0    1    0    0    0     0     0     0   99
23:22:51       2    40    0    0    0    0    0     0     0     0   60
23:22:51       3    39    0    0    0    0    0     0     0     0   61
23:22:51       4     2    0    0    0    0    0     0     0     0   98
23:22:51       5    40    0    0    0    0    0     0     0     0   60
23:22:51       6     0    0    0    0    0    0     0     0     0  100
23:22:51       7     0    0    1    0    0    0     0     0     0   99
23:22:52       0    97    0    3    0    0    0     0     0     0    0
23:22:52       1     1    0    0    0    0    0     0     0     0   98
23:22:52       2    94    0    0    0    0    0     0     0     0    5
23:22:52       3    95    0    0    0    0    0     0     0     0    5
23:22:52       4     0    0    2    0    0    0     0     0     0   98
23:22:52       5    95    0    0    0    0    0     0     0     0    5
23:22:52       6     1    0    0    0    0    0     0     0     0   98
23:22:52       7     2    0    0    0    0    0     0     0     0   97
23:22:53       0    54    0   45    0    0    0     0     0     0    0
23:22:53       1     1    0    1    0    0    0     0     0     0   98
23:22:53       2    49    0    1    0    0    0     0     0     0   50
23:22:53       3    48    0    2    0    0    0     0     0     0   50
23:22:53       4     4    0    0    1    0    0     0     0     0   95
23:22:53       5    49    0    1    0    0    0     0     0     0   49
23:22:53       6     0    0    0    0    0    0     0     0     0   97
23:22:53       7     0    0    1    0    0    0     0     0     0   99
23:22:54       0    96    0    4    0    0    0     0     0     0    0
23:22:54       1     0    0    0    0    0    0     0     0     0  100
23:22:54       2    84    0    0    0    0    0     0     0     0   14
23:22:54       3    85    0    0    0    0    0     0     0     0   14
23:22:54       4     0    0    0    0    0    0     0     0     0  100
23:22:54       5    85    0    0    0    0    0     0     0     0   14
23:22:54       6     0    0    0    0    0    0     0     0     0  100
23:22:54       7     0    1    0    0    0    0     0     0     0   99

# SINGLE CPU[HYPER] STATISTICS
#Time        Cpu  User Nice  Sys Wait IRQ  Soft Steal Guest NiceG Idle
23:22:55       0    69    0   31    0    0    0     0     0     0    0
23:22:55       1     1    0    1    0    0    0     0     0     0   98
23:22:55       2    61    0    0    0    0    0     0     0     0   39
23:22:55       3    60    0    0    0    0    0     0     0     0   39
23:22:55       4     1    0    2    0    0    0     0     0     0   97
23:22:55       5    59    0    0    0    0    0     0     0     0   39
23:22:55       6     0    0    0    0    0    0     0     0     0  100
23:22:55       7     0    0    2    0    0    0     0     0     0   97
23:22:56       0    93    0    7    0    0    0     0     0     0    0
23:22:56       1     0    0    0    0    0    0     0     0     0  100
23:22:56       2    77    0    0    0    0    0     0     0     0   23
23:22:56       3    77    0    0    0    0    0     0     0     0   23
23:22:56       4     0    0    0    0    0    0     0     0     0   98
23:22:56       5    76    0    0    0    0    0     0     0     0   23
23:22:56       6     0    0    0    0    0    0     0     0     0  100
23:22:56       7     0    0    0    0    0    0     0     0     0   98
23:22:57       0    72    0   28    0    0    0     0     0     0    0
23:22:57       1     0    0    0    0    0    0     0     0     0  100
23:22:57       2    68    0    0    0    0    0     0     0     0   31
23:22:57       3    69    0    0    0    0    0     0     0     0   31
23:22:57       4     0    0    1    0    0    0     0     0     0   99
23:22:57       5    70    0    0    0    0    0     0     0     0   30
23:22:57       6     0    0    1    0    0    0     0     0     0   99
23:22:57       7     0    0    0    0    0    0     0     0     0  100
23:22:58       0    80    0   19    0    0    0     0     0     0    0
23:22:58       1     1    0    0    0    0    0     0     0     0   99
23:22:58       2    62    0    0    0    0    0     0     0     0   36
23:22:58       3    62    0    0    0    0    0     0     0     0   37
23:22:58       4     0    0    0    1    0    0     0     0     0   98
23:22:58       5    62    0    0    0    0    0     0     0     0   37
23:22:58       6     1    0    0    0    0    0     0     0     0   99
23:22:58       7     1    0    0    0    0    0     0     0     0   98
23:22:59       0    63    0    0    0    0    0     0     0     0   37
23:22:59       1     0    0    1    0    0    0     0     0     0   98
23:22:59       2    94    0    1    0    0    0     0     0     0    4
23:22:59       3   100    0    0    0    0    0     0     0     0    0
23:22:59       4    16    0    6    1    0    0     0     0     0   77
23:22:59       5   100    0    0    0    0    0     0     0     0    0
23:22:59       6    16    0    3    0    0    0     0     0     0   80
23:22:59       7     1    0    0    0    0    0     0     0     0   99
23:23:00       0    22    7    5    0    0    0     0     0     0   66
23:23:00       1     5    1    2    2    0    0     0     0     0   89
23:23:00       2     5   11    4    0    0    0     0     0     0   79
23:23:00       3    19   22    4    0    0    0     0     0     0   55
23:23:00       4     7    0    7    0    0    0     0     0     0   85
23:23:00       5    21    0    2    0    0    0     0     0     0   74
23:23:00       6    12    0    4    0    0    0     0     0     0   84
23:23:00       7    20    1    6    4    0    0     0     0     0   68
23:23:01       0     0    0    2    0    0    0     0     0     0   98
23:23:01       1     0    0    0    0    0    0     0     0     0  100
23:23:01       2     0    0    0    0    0    0     0     0     0   98
23:23:01       3     0    5    0    0    0    0     0     0     0   94
23:23:01       4     9    0    2    0    0    0     0     0     0   88
23:23:01       5     0    0    1    0    0    0     0     0     0   98
23:23:01       6     1    5    1    0    0    0     0     0     0   93
23:23:01       7     2    4    0    0    0    0     0     0     0   93
23:23:02       0     1    0    0    0    0    0     0     0     0   99
23:23:02       1     1    0    0    0    0    0     0     0     0   96
23:23:02       2     0    0    0    0    0    0     0     0     0  100
23:23:02       3     1    0    0    0    0    0     0     0     0   99
23:23:02       4     0    0    0    0    0    0     0     0     0  100
23:23:02       5     0    0    0    0    0    0     0     0     0   98
23:23:02       6     0    0    0    0    0    0     0     0     0  100
23:23:02       7     0    0    1    0    0    0     0     0     0   99
23:23:03       0     1    0    0    0    0    0     0     0     0   98
23:23:03       1     2    0    1    0    0    0     0     0     0   96
23:23:03       2     2    0    0    0    0    0     0     0     0   98
23:23:03       3     1    0    0    0    0    0     0     0     0   98
23:23:03       4     1    0    0    0    0    0     0     0     0   98
23:23:03       5     2    0    0    0    0    0     0     0     0   97
23:23:03       6     0    0    0    0    0    0     0     0     0  100
23:23:03       7     2    0    0    0    0    0     0     0     0   97
23:23:04       0     1    0    0    0    0    0     0     0     0   98
23:23:04       1     0    1    0    0    0    0     0     0     0   98
23:23:04       2     0    0    1    0    0    0     0     0     0   99
23:23:04       3     0    0    0    0    0    0     0     0     0  100
23:23:04       4     1    0    0    0    0    0     0     0     0   98
23:23:04       5     0    0    0    0    0    0     0     0     0   98
23:23:04       6     2    0    1    0    0    0     0     0     0   97
23:23:04       7     0    0    1    0    0    0     0     0     0   98
23:23:05       0     1    0    2    0    0    0     0     0     0   97
23:23:05       1     4    0    0    0    0    0     0     0     0   95
23:23:05       2     1    0    1    0    0    0     0     0     0   98
23:23:05       3     1    0    0    0    0    0     0     0     0   95
23:23:05       4     1    0    1    0    0    0     0     0     0   96
23:23:05       5     1    0    0    0    0    0     0     0     0   98
23:23:05       6     1    0    2    0    0    0     0     0     0   96
23:23:05       7     1    0    1    0    0    0     0     0     0   98
23:23:06       0     1    0    0    0    0    0     0     0     0   99
23:23:06       1     0    0    0    0    0    0     0     0     0  100
23:23:06       2     1    0    0    0    0    0     0     0     0   99
23:23:06       3     1    0    0    0    0    0     0     0     0   99
23:23:06       4     1    0    0    0    0    0     0     0     0   98
23:23:06       5     0    0    0    0    0    0     0     0     0  100
23:23:06       6     0    0    0    0    0    0     0     0     0   99
23:23:06       7     1    0    0    0    0    0     0     0     0   99
23:23:07       0     0    0    0    0    0    0     0     0     0  100
23:23:07       1     0    0    0    0    0    0     0     0     0  100
23:23:07       2     0    0    0    0    0    0     0     0     0  100
23:23:07       3     2    0    0    0    0    0     0     0     0   98
23:23:07       4     2    0    1    0    0    0     0     0     0   97
23:23:07       5     2    0    0    0    0    0     0     0     0   97
23:23:07       6     1    0    0    0    0    0     0     0     0   99
23:23:07       7     0    0    0    0    0    0     0     0     0  100
23:23:08       0    13    0    0    0    0    0     0     0     0   85
23:23:08       1     1    0    0    0    0    0     0     0     0   99
23:23:08       2    14    0    1    0    0    0     0     0     0   84
23:23:08       3     8    0    1    0    0    0     0     0     0   90
23:23:08       4     4    0    0    0    0    0     0     0     0   95
23:23:08       5     1    0    0    0    0    0     0     0     0   98
23:23:08       6     0    0    0    0    0    0     0     0     0  100
23:23:08       7     3    0    1    0    0    0     0     0     0   95
23:23:09       0     2    0    1    0    0    0     0     0     0   96
23:23:09       1     0    0    0    0    0    0     0     0     0  100
23:23:09       2     0    0    0    0    0    0     0     0     0   99
23:23:09       3     0    0    0    0    0    0     0     0     0  100
23:23:09       4     0    0    1    0    0    0     0     0     0   99
23:23:09       5     0    0    0    0    0    0     0     0     0  100
23:23:09       6     0    0    0    0    0    0     0     0     0  100
23:23:09       7     1    0    0    0    0    0     0     0     0   98
Ouch!
