waiting for 1 second sample...

# SINGLE CPU[HYPER] STATISTICS
#Time        Cpu  User Nice  Sys Wait IRQ  Soft Steal Guest NiceG Idle
22:14:27       0    77    0    2    0    0    0     0     0     0   20
22:14:27       1    94    0    6    0    0    0     0     0     0    0
22:14:27       2    15    0    1    0    0    0     0     0     0   83
22:14:27       3    43    0    0    0    0    0     0     0     0   57
22:14:27       4     1    5    0    0    0    0     0     0     0   93
22:14:27       5     0    0    0    0    0    0     0     0     0  100
22:14:27       6    96    0    4    0    0    0     0     0     0    0
22:14:27       7    79    0    0    0    0    0     0     0     0   21
22:14:28       0    98    0    2    0    0    0     0     0     0    0
22:14:28       1    99    0    1    0    0    0     0     0     0    0
22:14:28       2    11    0    0    0    0    0     0     0     0   88
22:14:28       3    98    0    2    0    0    0     0     0     0    0
22:14:28       4     2    0    1    0    0    0     0     0     0   96
22:14:28       5    12    0    0    0    0    0     0     0     0   85
22:14:28       6    99    0    1    0    0    0     0     0     0    0
22:14:28       7    11    0    2    0    0    0     0     0     0   86
22:14:29       0    98    0    2    0    0    0     0     0     0    0
22:14:29       1   100    0    0    0    0    0     0     0     0    0
22:14:29       2     5    0    2    0    0    0     0     0     0   92
22:14:29       3   100    0    0    0    0    0     0     0     0    0
22:14:29       4     5    0    1    0    0    0     0     0     0   93
22:14:29       5     5    0    1    0    0    0     0     0     0   93
22:14:29       6   100    0    0    0    0    0     0     0     0    0
22:14:29       7     2    0    2    0    0    0     0     0     0   95
22:14:30       0    99    0    1    0    0    0     0     0     0    0
22:14:30       1   100    0    0    0    0    0     0     0     0    0
22:14:30       2     0    0    2    0    0    0     0     0     0   98
22:14:30       3    98    0    2    0    0    0     0     0     0    0
22:14:30       4     1    0    1    0    0    0     0     0     0   98
22:14:30       5     1    0    0    0    0    0     0     0     0   99
22:14:30       6   100    0    0    0    0    0     0     0     0    0
22:14:30       7     0    0    1    0    0    0     0     0     0   98
22:14:31       0    99    0    1    0    0    0     0     0     0    0
22:14:31       1   100    0    0    0    0    0     0     0     0    0
22:14:31       2     6    0    0    0    0    0     0     0     0   94
22:14:31       3    99    0    1    0    0    0     0     0     0    0
22:14:31       4     2    0    0    0    0    0     0     0     0   98
22:14:31       5     0    0    0    1    0    0     0     0     0   98
22:14:31       6    99    0    1    0    0    0     0     0     0    0
22:14:31       7     2    0    0    0    0    0     0     0     0   98
22:14:32       0    99    0    1    0    0    0     0     0     0    0
22:14:32       1    99    0    0    0    0    0     0     0     0    0
22:14:32       2     4    1    0    0    0    0     0     0     0   94
22:14:32       3    99    0    1    0    0    0     0     0     0    0
22:14:32       4     6    0    1    0    0    0     0     0     0   92
22:14:32       5     5    0    2    0    0    0     0     0     0   92
22:14:32       6    99    0    1    0    0    0     0     0     0    0
22:14:32       7     6    0    2    0    0    0     0     0     0   91
22:14:33       0    98    0    2    0    0    0     0     0     0    0
22:14:33       1   100    0    0    0    0    0     0     0     0    0
22:14:33       2     2    0    0    0    0    0     0     0     0   97
22:14:33       3    99    0    1    0    0    0     0     0     0    0
22:14:33       4     6    0    0    0    0    0     0     0     0   94
22:14:33       5     7    0    0    0    0    0     0     0     0   92
22:14:33       6    99    0    1    0    0    0     0     0     0    0
22:14:33       7     4    0    1    0    0    0     0     0     0   94
22:14:34       0    99    0    1    0    0    0     0     0     0    0
22:14:34       1    98    0    2    0    0    0     0     0     0    0
22:14:34       2     1    0    1    0    0    0     0     0     0   96
22:14:34       3    99    0    1    0    0    0     0     0     0    0
22:14:34       4     0    0    1    0    0    0     0     0     0   98
22:14:34       5    10    1    2    1    0    0     0     0     0   86
22:14:34       6   100    0    0    0    0    0     0     0     0    0
22:14:34       7     1    0    0    0    0    0     0     0     0   98
22:14:35       0    98    0    2    0    0    0     0     0     0    0
22:14:35       1    99    0    1    0    0    0     0     0     0    0
22:14:35       2     8    0    0    0    0    0     0     0     0   91
22:14:35       3    98    0    2    0    0    0     0     0     0    0
22:14:35       4    12    0    6    0    0    0     0     0     0   81
22:14:35       5    13    0    2    0    0    0     0     0     0   85
22:14:35       6    99    0    0    0    0    0     0     0     0    0
22:14:35       7     9    0    2    1    0    0     0     0     0   87
22:14:36       0   100    0    0    0    0    0     0     0     0    0
22:14:36       1   100    0    0    0    0    0     0     0     0    0
22:14:36       2     1    0    1    0    0    0     0     0     0   98
22:14:36       3    97    0    3    0    0    0     0     0     0    0
22:14:36       4     1    0    1    0    0    0     0     0     0   98
22:14:36       5     1    1    0    0    0    0     0     0     0   97
22:14:36       6   100    0    0    0    0    0     0     0     0    0
22:14:36       7     1    1    0    0    0    0     0     0     0   98
22:14:37       0    98    0    2    0    0    0     0     0     0    0
22:14:37       1    95    0    4    0    0    0     0     0     0    0
22:14:37       2     0   11    0    1    0    0     0     0     0   87
22:14:37       3    97    0    3    0    0    0     0     0     0    0
22:14:37       4     1   28    1    0    0    0     0     0     0   70
22:14:37       5     1    4    1    0    0    0     0     0     0   94
22:14:37       6   100    0    0    0    0    0     0     0     0    0
22:14:37       7     1    2    0    0    0    0     0     0     0   96
22:14:38       0    99    0    1    0    0    0     0     0     0    0
22:14:38       1    92    0    7    0    0    0     0     0     0    0
22:14:38       2     0   31    0    0    0    0     0     0     0   66
22:14:38       3    94    0    6    0    0    0     0     0     0    0
22:14:38       4     1   19    0    0    0    0     0     0     0   80
22:14:38       5     0    4    0    0    0    0     0     0     0   95
22:14:38       6    98    0    2    0    0    0     0     0     0    0
22:14:38       7     1   20    1    0    0    0     0     0     0   78
22:14:39       0    99    0    1    0    0    0     0     0     0    0
22:14:39       1    98    0    1    0    0    0     0     0     0    0
22:14:39       2     1    0    0    0    0    0     0     0     0   98
22:14:39       3    97    0    3    0    0    0     0     0     0    0
22:14:39       4     1    0    1    0    0    0     0     0     0   98
22:14:39       5     1    0    1    0    0    0     0     0     0   98
22:14:39       6   100    0    0    0    0    0     0     0     0    0
22:14:39       7     1    0    1    0    0    0     0     0     0   98
22:14:40       0    89    0   10    0    0    0     0     0     0    0
22:14:40       1    90    0   10    0    0    0     0     0     0    0
22:14:40       2     0    0    1    0    0    0     0     0     0   98
22:14:40       3    87    0   13    0    0    0     0     0     0    0
22:14:40       4     1    0    0    0    0    0     0     0     0   99
22:14:40       5     0    1    0    0    0    0     0     0     0   98
22:14:40       6    89    0   10    0    0    0     0     0     0    0
22:14:40       7     1    0    0    0    0    0     0     0     0   98
22:14:41       0   100    0    0    0    0    0     0     0     0    0
22:14:41       1   100    0    0    0    0    0     0     0     0    0
22:14:41       2     0    0    0    0    0    0     0     0     0  100
22:14:41       3   100    0    0    0    0    0     0     0     0    0
22:14:41       4     1    0    0    0    0    0     0     0     0   98
22:14:41       5     4    0    0    0    0    0     0     0     0   96
22:14:41       6   100    0    0    0    0    0     0     0     0    0
22:14:41       7     1    0    1    0    0    0     0     0     0   98
22:14:42       0   100    0    0    0    0    0     0     0     0    0
22:14:42       1   100    0    0    0    0    0     0     0     0    0
22:14:42       2     1    0    0    0    0    0     0     0     0   98
22:14:42       3    99    0    1    0    0    0     0     0     0    0
22:14:42       4     1    0    0    0    0    0     0     0     0   99
22:14:42       5     0    0    0    0    0    0     0     0     0  100
22:14:42       6   100    0    0    0    0    0     0     0     0    0
22:14:42       7     0    1    0    0    0    0     0     0     0   98
22:14:43       0   100    0    0    0    0    0     0     0     0    0
22:14:43       1   100    0    0    0    0    0     0     0     0    0
22:14:43       2     0    0    0    0    0    0     0     0     0  100
22:14:43       3   100    0    0    0    0    0     0     0     0    0
22:14:43       4     1    0    0    0    0    0     0     0     0   98
22:14:43       5     1    0    0    0    0    0     0     0     0   98
22:14:43       6   100    0    0    0    0    0     0     0     0    0
22:14:43       7     1    0    0    0    0    0     0     0     0   99
22:14:44       0   100    0    0    0    0    0     0     0     0    0
22:14:44       1   100    0    0    0    0    0     0     0     0    0
22:14:44       2     0    0    0    0    0    0     0     0     0  100
22:14:44       3   100    0    0    0    0    0     0     0     0    0
22:14:44       4     0    0    0    0    0    0     0     0     0   98
22:14:44       5     0    0    0    0    0    0     0     0     0  100
22:14:44       6    99    0    0    0    0    0     0     0     0    0
22:14:44       7     1    0    0    1    0    0     0     0     0   97
22:14:45       0   100    0    0    0    0    0     0     0     0    0
22:14:45       1    98    0    2    0    0    0     0     0     0    0
22:14:45       2     2    0    1    0    0    0     0     0     0   96
22:14:45       3    98    0    2    0    0    0     0     0     0    0
22:14:45       4    31    0    3    0    0    0     0     0     0   66
22:14:45       5     1    0    1    0    0    0     0     0     0   97
22:14:45       6    97    0    3    0    0    0     0     0     0    0
22:14:45       7     3    0    4    0    0    0     0     0     0   89
22:14:46       0    98    0    2    0    0    0     0     0     0    0
22:14:46       1    98    0    2    0    0    0     0     0     0    0
22:14:46       2     9   53    2    0    0    0     0     0     0   33
22:14:46       3    98    0    2    0    0    0     0     0     0    0
22:14:46       4     7   11    0    0    0    0     0     0     0   78
22:14:46       5     2   18    0    1    0    0     0     0     0   78
22:14:46       6    97    0    2    0    0    0     0     0     0    0
22:14:46       7     8   13    1    0    0    0     0     0     0   77
22:14:47       0    96    0    3    0    0    0     0     0     0    0
22:14:47       1    91    0    9    0    0    0     0     0     0    0
22:14:47       2     2   26    2    0    0    0     0     0     0   69
22:14:47       3    91    0    9    0    0    0     0     0     0    0
22:14:47       4     2   34    4    0    0    0     0     0     0   60
22:14:47       5     1   17    0    0    0    0     0     0     0   81
22:14:47       6    96    0    4    0    0    0     0     0     0    0
22:14:47       7     0   19    1    0    0    0     0     0     0   80
22:14:48       0   100    0    0    0    0    0     0     0     0    0
22:14:48       1    99    0    1    0    0    0     0     0     0    0
22:14:48       2    10    5    2    0    0    0     0     0     0   83
22:14:48       3    98    0    2    0    0    0     0     0     0    0
22:14:48       4     3    5    2    0    0    0     0     0     0   90
22:14:48       5     0    5    2    0    0    0     0     0     0   90
22:14:48       6    97    0    2    0    0    0     0     0     0    0
22:14:48       7     1    3    2    0    0    0     0     0     0   94

# SINGLE CPU[HYPER] STATISTICS
#Time        Cpu  User Nice  Sys Wait IRQ  Soft Steal Guest NiceG Idle
22:14:49       0    99    0    1    0    0    0     0     0     0    0
22:14:49       1    99    0    0    0    0    0     0     0     0    0
22:14:49       2     1    0    0    0    0    0     0     0     0   98
22:14:49       3   100    0    0    0    0    0     0     0     0    0
22:14:49       4     1    0    0    0    0    0     0     0     0   98
22:14:49       5     0    0    0    0    0    0     0     0     0  100
22:14:49       6   100    0    0    0    0    0     0     0     0    0
22:14:49       7     1    0    0    0    0    0     0     0     0   97
22:14:50       0   100    0    0    0    0    0     0     0     0    0
22:14:50       1   100    0    0    0    0    0     0     0     0    0
22:14:50       2     0    1    1    0    0    0     0     0     0   98
22:14:50       3   100    0    0    0    0    0     0     0     0    0
22:14:50       4     0    0    1    0    0    0     0     0     0   98
22:14:50       5     1    0    0    0    0    0     0     0     0   99
22:14:50       6    99    0    1    0    0    0     0     0     0    0
22:14:50       7     1    0    0    0    0    0     0     0     0   98
22:14:51       0    99    0    0    0    0    0     0     0     0    0
22:14:51       1   100    0    0    0    0    0     0     0     0    0
22:14:51       2     2    0    0    1    0    0     0     0     0   97
22:14:51       3    99    0    1    0    0    0     0     0     0    0
22:14:51       4    12    0    0    0    0    0     0     0     0   88
22:14:51       5     4    0    1    1    0    0     0     0     0   94
22:14:51       6   100    0    0    0    0    0     0     0     0    0
22:14:51       7     2    0    0    0    0    0     0     0     0   96
22:14:52       0   100    0    0    0    0    0     0     0     0    0
22:14:52       1    95    0    5    0    0    0     0     0     0    0
22:14:52       2    13   23    4    1    0    0     0     0     0   58
22:14:52       3    96    0    4    0    0    0     0     0     0    0
22:14:52       4    24   29    2    0    0    0     0     0     0   45
22:14:52       5     9    7    2    0    0    0     0     0     0   81
22:14:52       6    93    0    7    0    0    0     0     0     0    0
22:14:52       7     8   10    1    0    0    0     0     0     0   80
22:14:53       0    99    0    1    0    0    0     0     0     0    0
22:14:53       1    99    0    0    0    0    0     0     0     0    0
22:14:53       2     5   50    6    0    0    0     0     0     0   38
22:14:53       3    99    0    1    0    0    0     0     0     0    0
22:14:53       4     9   54    4    0    0    0     0     0     0   33
22:14:53       5    10   31    5    0    0    0     0     0     0   52
22:14:53       6    99    0    1    0    0    0     0     0     0    0
22:14:53       7    13   16    3    0    0    0     0     0     0   66
22:14:54       0    99    0    0    0    0    0     0     0     0    0
22:14:54       1   100    0    0    0    0    0     0     0     0    0
22:14:54       2     6   10    0    0    0    0     0     0     0   81
22:14:54       3   100    0    0    0    0    0     0     0     0    0
22:14:54       4     1   28    0    0    0    0     0     0     0   70
22:14:54       5     2   37    1    0    0    0     0     0     0   59
22:14:54       6   100    0    0    0    0    0     0     0     0    0
22:14:54       7     5    6    2    0    0    0     0     0     0   84
22:14:55       0   100    0    0    0    0    0     0     0     0    0
22:14:55       1   100    0    0    0    0    0     0     0     0    0
22:14:55       2    48    5    3    0    0    0     0     0     0   41
22:14:55       3    99    0    1    0    0    0     0     0     0    0
22:14:55       4    12    1    8    0    0    0     0     0     0   78
22:14:55       5    33    0   10    0    0    0     0     0     0   56
22:14:55       6   100    0    0    0    0    0     0     0     0    0
22:14:55       7    17    1   12    0    0    0     0     0     0   70
22:14:56       0   100    0    0    0    0    0     0     0     0    0
22:14:56       1   100    0    0    0    0    0     0     0     0    0
22:14:56       2    49    0    1    0    0    0     0     0     0   48
22:14:56       3   100    0    0    0    0    0     0     0     0    0
22:14:56       4    21    0    2    0    0    0     0     0     0   75
22:14:56       5     8    0    5    0    0    0     0     0     0   84
22:14:56       6   100    0    0    0    0    0     0     0     0    0
22:14:56       7    12    1    8    0    0    0     0     0     0   76
22:14:57       0   100    0    0    0    0    0     0     0     0    0
22:14:57       1   100    0    0    0    0    0     0     0     0    0
22:14:57       2    12    0    7    0    0    0     0     0     0   78
22:14:57       3    99    0    1    0    0    0     0     0     0    0
22:14:57       4    29    0    7    0    0    0     0     0     0   61
22:14:57       5    13    0    7    0    0    0     0     0     0   77
22:14:57       6    99    0    0    0    0    0     0     0     0    0
22:14:57       7    13    1    4    0    0    1     0     0     0   80
22:14:58       0   100    0    0    0    0    0     0     0     0    0
22:14:58       1   100    0    0    0    0    0     0     0     0    0
22:14:58       2    40    0   10    0    0    0     0     0     0   47
22:14:58       3   100    0    0    0    0    0     0     0     0    0
22:14:58       4    27    0   11    0    0    0     0     0     0   59
22:14:58       5    39    0    8    0    0    0     0     0     0   51
22:14:58       6   100    0    0    0    0    0     0     0     0    0
22:14:58       7    18    0    8    0    0    0     0     0     0   73
22:14:59       0   100    0    0    0    0    0     0     0     0    0
22:14:59       1   100    0    0    0    0    0     0     0     0    0
22:14:59       2    39    0    6    0    0    0     0     0     0   55
22:14:59       3   100    0    0    0    0    0     0     0     0    0
22:14:59       4    59    0   12    2    0    0     0     0     0   26
22:14:59       5    84    0    2    0    0    0     0     0     0   11
22:14:59       6    99    0    1    0    0    0     0     0     0    0
22:14:59       7    43    1   11    1    0    0     0     0     0   42
22:15:00       0   100    0    0    0    0    0     0     0     0    0
22:15:00       1   100    0    0    0    0    0     0     0     0    0
22:15:00       2    38    2    9    0    0    0     0     0     0   51
22:15:00       3    99    0    1    0    0    0     0     0     0    0
22:15:00       4    46    0    8    0    0    0     0     0     0   45
22:15:00       5    26    1    6    0    0    0     0     0     0   66
22:15:00       6   100    0    0    0    0    0     0     0     0    0
22:15:00       7    28    0    4    0    0    0     0     0     0   67
22:15:01       0   100    0    0    0    0    0     0     0     0    0
22:15:01       1   100    0    0    0    0    0     0     0     0    0
22:15:01       2    21    0    7    0    0    0     0     0     0   70
22:15:01       3    99    0    1    0    0    0     0     0     0    0
22:15:01       4    25    0    3    0    0    0     0     0     0   70
22:15:01       5    21    1    8    0    0    0     0     0     0   68
22:15:01       6   100    0    0    0    0    0     0     0     0    0
22:15:01       7    81    0    8    0    0    0     0     0     0    8
22:15:02       0    99    0    1    0    0    0     0     0     0    0
22:15:02       1   100    0    0    0    0    0     0     0     0    0
22:15:02       2    21    0    7    0    0    0     0     0     0   71
22:15:02       3   100    0    0    0    0    0     0     0     0    0
22:15:02       4    20    1    4    0    0    0     0     0     0   74
22:15:02       5     6    1    3    1    0    0     0     0     0   88
22:15:02       6   100    0    0    0    0    0     0     0     0    0
22:15:02       7    14    0    7    0    0    0     0     0     0   78
22:15:03       0    99    0    1    0    0    0     0     0     0    0
22:15:03       1    99    0    0    0    0    0     0     0     0    0
22:15:03       2    11    0    2    0    0    0     0     0     0   86
22:15:03       3   100    0    0    0    0    0     0     0     0    0
22:15:03       4    29    0    2    0    0    0     0     0     0   68
22:15:03       5     2    0    2    0    0    0     0     0     0   95
22:15:03       6    99    0    0    0    0    0     0     0     0    0
22:15:03       7    99    0    0    0    0    0     0     0     0    1
22:15:04       0   100    0    0    0    0    0     0     0     0    0
22:15:04       1   100    0    0    0    0    0     0     0     0    0
22:15:04       2     7    1    3    0    0    0     0     0     0   88
22:15:04       3   100    0    0    0    0    0     0     0     0    0
22:15:04       4    20    0    6    0    0    0     0     0     0   73
22:15:04       5    12    4    3    0    0    0     0     0     0   80
22:15:04       6   100    0    0    0    0    0     0     0     0    0
22:15:04       7    10    2    2    0    0    0     0     0     0   85
22:15:05       0   100    0    0    0    0    0     0     0     0    0
22:15:05       1   100    0    0    0    0    0     0     0     0    0
22:15:05       2    32    9    7    0    0    0     0     0     0   50
22:15:05       3   100    0    0    0    0    0     0     0     0    0
22:15:05       4    35    3    7    0    0    0     0     0     0   54
22:15:05       5    12   20    6    0    0    0     0     0     0   61
22:15:05       6    99    0    1    0    0    0     0     0     0    0
22:15:05       7    23    8    7    0    0    0     0     0     0   60
22:15:06       0   100    0    0    0    0    0     0     0     0    0
22:15:06       1   100    0    0    0    0    0     0     0     0    0
22:15:06       2    12   20    5    0    0    0     0     0     0   63
22:15:06       3   100    0    0    0    0    0     0     0     0    0
22:15:06       4    15   18    4    0    0    0     0     0     0   61
22:15:06       5     7   44    2    0    0    0     0     0     0   46
22:15:06       6   100    0    0    0    0    0     0     0     0    0
22:15:06       7    11   14    8    0    0    0     0     0     0   66
22:15:07       0   100    0    0    0    0    0     0     0     0    0
22:15:07       1    99    0    0    0    0    0     0     0     0    0
22:15:07       2     8    8    2    0    0    0     0     0     0   81
22:15:07       3   100    0    0    0    0    0     0     0     0    0
22:15:07       4     7   36    2    0    0    0     0     0     0   54
22:15:07       5    10    7    2    1    0    0     0     0     0   78
22:15:07       6    99    0    0    0    0    0     0     0     0    0
22:15:07       7     7   44    2    0    0    1     0     0     0   44
22:15:08       0   100    0    0    0    0    0     0     0     0    0
22:15:08       1   100    0    0    0    0    0     0     0     0    0
22:15:08       2    20    6    5    0    0    0     0     0     0   68
22:15:08       3    99    0    1    0    0    0     0     0     0    0
22:15:08       4    21    3    5    0    0    0     0     0     0   70
22:15:08       5    20    9    4    0    0    0     0     0     0   66
22:15:08       6   100    0    0    0    0    0     0     0     0    0
22:15:08       7    10    8    6    0    0    0     0     0     0   74
22:15:09       0   100    0    0    0    0    0     0     0     0    0
22:15:09       1   100    0    0    0    0    0     0     0     0    0
22:15:09       2    18    1    6    0    0    0     0     0     0   75
22:15:09       3   100    0    0    0    0    0     0     0     0    0
22:15:09       4     9    0    5    0    0    0     0     0     0   85
22:15:09       5    97    0    0    0    0    0     0     0     0    2
22:15:09       6   100    0    0    0    0    0     0     0     0    0
22:15:09       7    12    0    5    0    0    0     0     0     0   81
22:15:10       0   100    0    0    0    0    0     0     0     0    0
22:15:10       1   100    0    0    0    0    0     0     0     0    0
22:15:10       2     7    0    3    0    0    0     0     0     0   89
22:15:10       3    99    0    1    0    0    0     0     0     0    0
22:15:10       4    10    0    1    0    0    0     0     0     0   88
22:15:10       5     6    0    2    0    0    0     0     0     0   91
22:15:10       6    99    0    1    0    0    0     0     0     0    0
22:15:10       7     7    0    3    0    0    1     0     0     0   88

# SINGLE CPU[HYPER] STATISTICS
#Time        Cpu  User Nice  Sys Wait IRQ  Soft Steal Guest NiceG Idle
22:15:11       0   100    0    0    0    0    0     0     0     0    0
22:15:11       1   100    0    0    0    0    0     0     0     0    0
22:15:11       2     5    0    2    0    0    0     0     0     0   92
22:15:11       3   100    0    0    0    0    0     0     0     0    0
22:15:11       4     2    0    4    0    0    0     0     0     0   93
22:15:11       5     3    0    1    0    0    0     0     0     0   95
22:15:11       6   100    0    0    0    0    0     0     0     0    0
22:15:11       7     6    1    1    0    0    0     0     0     0   89
22:15:12       0   100    0    0    0    0    0     0     0     0    0
22:15:12       1   100    0    0    0    0    0     0     0     0    0
22:15:12       2     0    0    0    0    0    0     0     0     0  100
22:15:12       3   100    0    0    0    0    0     0     0     0    0
22:15:12       4     1    0    0    0    0    0     0     0     0   96
22:15:12       5     1    0    1    0    0    0     0     0     0   98
22:15:12       6   100    0    0    0    0    0     0     0     0    0
22:15:12       7     1    0    0    0    0    0     0     0     0   98
22:15:13       0   100    0    0    0    0    0     0     0     0    0
22:15:13       1   100    0    0    0    0    0     0     0     0    0
22:15:13       2     2    1    2    0    0    0     0     0     0   95
22:15:13       3   100    0    0    0    0    0     0     0     0    0
22:15:13       4     1    2    1    0    0    0     0     0     0   95
22:15:13       5     3    0    0    0    0    0     0     0     0   96
22:15:13       6   100    0    0    0    0    0     0     0     0    0
22:15:13       7     1    0    2    0    0    0     0     0     0   96
22:15:14       0   100    0    0    0    0    0     0     0     0    0
22:15:14       1   100    0    0    0    0    0     0     0     0    0
22:15:14       2     1    0    1    0    0    0     0     0     0   97
22:15:14       3   100    0    0    0    0    0     0     0     0    0
22:15:14       4     3    0    1    0    0    0     0     0     0   96
22:15:14       5     1    0    3    0    0    0     0     0     0   95
22:15:14       6   100    0    0    0    0    0     0     0     0    0
22:15:14       7     3    1    1    0    0    0     0     0     0   95
22:15:15       0   100    0    0    0    0    0     0     0     0    0
22:15:15       1   100    0    0    0    0    0     0     0     0    0
22:15:15       2     7    0   12    1    0    1     0     0     0   79
22:15:15       3   100    0    0    0    0    0     0     0     0    0
22:15:15       4     3    0    3    0    0    0     0     0     0   93
22:15:15       5     2    1    1    0    0    0     0     0     0   96
22:15:15       6   100    0    0    0    0    0     0     0     0    0
22:15:15       7     1    0    1    0    0    0     0     0     0   97
22:15:16       0   100    0    0    0    0    0     0     0     0    0
22:15:16       1   100    0    0    0    0    0     0     0     0    0
22:15:16       2     6    0    4    1    0    0     0     0     0   88
22:15:16       3   100    0    0    0    0    0     0     0     0    0
22:15:16       4     7    0    6    0    0    0     0     0     0   86
22:15:16       5     5    0    4    0    0    0     0     0     0   88
22:15:16       6    99    0    1    0    0    0     0     0     0    0
22:15:16       7     4    0   14    0    0    0     0     0     0   79
22:15:17       0    98    0    1    0    0    0     0     0     0    1
22:15:17       1    98    0    1    0    0    0     0     0     0    0
22:15:17       2     0    0    0    0    0    0     0     0     0  100
22:15:17       3   100    0    0    0    0    0     0     0     0    0
22:15:17       4     0    0    2    1    0    0     0     0     0   96
22:15:17       5     4    0    1    0    0    0     0     0     0   94
22:15:17       6   100    0    0    0    0    0     0     0     0    0
22:15:17       7     2    0    0    0    0    0     0     0     0   98
22:15:18       0    70    0   29    0    0    0     0     0     0    0
22:15:18       1    70    0    1    0    0    0     0     0     0   27
22:15:18       2     0    0    1    0    0    0     0     0     0   99
22:15:18       3    72    0    0    0    0    0     0     0     0   27
22:15:18       4     0    0    0    0    0    0     0     0     0   99
22:15:18       5     1    0    0    0    0    0     0     0     0   98
22:15:18       6    71    0    1    0    0    0     0     0     0   27
22:15:18       7     0    0    0    0    0    0     0     0     0   99
22:15:19       0    86    0   13    0    0    0     0     0     0    0
22:15:19       1    78    0    0    0    0    0     0     0     0   21
22:15:19       2     0    0    0    0    0    0     0     0     0  100
22:15:19       3    77    0    0    0    0    0     0     0     0   21
22:15:19       4     1    0    0    0    0    0     0     0     0   98
22:15:19       5     0    1    0    0    0    0     0     0     0   98
22:15:19       6    77    0    0    0    0    0     0     0     0   21
22:15:19       7     1    0    1    0    0    0     0     0     0   98
22:15:20       0    58    0    0    0    0    0     0     0     0   42
22:15:20       1    99    0    0    0    0    0     0     0     0    0
22:15:20       2     1    0    1    0    0    0     0     0     0   97
22:15:20       3    99    0    0    0    0    0     0     0     0    0
22:15:20       4    42    0    0    0    0    0     0     0     0   57
22:15:20       5     0    0    0    0    0    0     0     0     0  100
22:15:20       6    99    0    1    0    0    0     0     0     0    0
22:15:20       7     0    0    1    0    0    0     0     0     0   99
22:15:21       0     0    0    1    0    0    0     0     0     0   98
22:15:21       1   100    0    0    0    0    0     0     0     0    0
22:15:21       2     1    0    0    0    0    0     0     0     0   98
22:15:21       3   100    0    0    0    0    0     0     0     0    0
22:15:21       4   100    0    0    0    0    0     0     0     0    0
22:15:21       5     1    0    0    0    0    0     0     0     0   99
22:15:21       6   100    0    0    0    0    0     0     0     0    0
22:15:21       7     1    0    0    0    0    0     0     0     0   98
22:15:22       0     0    0    0    0    0    0     0     0     0  100
22:15:22       1   100    0    0    0    0    0     0     0     0    0
22:15:22       2     1    0    0    0    0    0     0     0     0   98
22:15:22       3   100    0    0    0    0    0     0     0     0    0
22:15:22       4   100    0    0    0    0    0     0     0     0    0
22:15:22       5     0    0    1    0    0    0     0     0     0   99
22:15:22       6   100    0    0    0    0    0     0     0     0    0
22:15:22       7     0    0    1    0    0    0     0     0     0   98
22:15:23       0     0    0    0    0    0    0     0     0     0   98
22:15:23       1   100    0    0    0    0    0     0     0     0    0
22:15:23       2     1    0    0    0    0    0     0     0     0   98
22:15:23       3   100    0    0    0    0    0     0     0     0    0
22:15:23       4   100    0    0    0    0    0     0     0     0    0
22:15:23       5     0    0    1    1    0    0     0     0     0   97
22:15:23       6   100    0    0    0    0    0     0     0     0    0
22:15:23       7     0    0    0    1    0    0     0     0     0   98
22:15:24       0     0    0    0    0    0    0     0     0     0  100
22:15:24       1   100    0    0    0    0    0     0     0     0    0
22:15:24       2     0    0    1    0    0    0     0     0     0   99
22:15:24       3   100    0    0    0    0    0     0     0     0    0
22:15:24       4   100    0    0    0    0    0     0     0     0    0
22:15:24       5     0    1    0    0    0    0     0     0     0   99
22:15:24       6   100    0    0    0    0    0     0     0     0    0
22:15:24       7     3    0    0    0    0    0     0     0     0   97
22:15:25       0     2    0    2    0    0    0     0     0     0   96
22:15:25       1   100    0    0    0    0    0     0     0     0    0
22:15:25       2     0    0    1    0    0    0     0     0     0   98
22:15:25       3   100    0    0    0    0    0     0     0     0    0
22:15:25       4   100    0    0    0    0    0     0     0     0    0
22:15:25       5     2    0    2    0    0    0     0     0     0   96
22:15:25       6   100    0    0    0    0    0     0     0     0    0
22:15:25       7     0    0    0    0    0    0     0     0     0   98
22:15:26       0     0    1    0    0    0    0     0     0     0   97
22:15:26       1   100    0    0    0    0    0     0     0     0    0
22:15:26       2     2    0    0    0    0    0     0     0     0   98
22:15:26       3   100    0    0    0    0    0     0     0     0    0
22:15:26       4   100    0    0    0    0    0     0     0     0    0
22:15:26       5     1    0    1    1    0    0     0     0     0   97
22:15:26       6   100    0    0    0    0    0     0     0     0    0
22:15:26       7     1    0    0    0    0    0     0     0     0   98
22:15:27       0     1    0    0    0    0    0     0     0     0   98
22:15:27       1   100    0    0    0    0    0     0     0     0    0
22:15:27       2     0    0    1    0    0    0     0     0     0   99
22:15:27       3   100    0    0    0    0    0     0     0     0    0
22:15:27       4   100    0    0    0    0    0     0     0     0    0
22:15:27       5     0    0    1    0    0    0     0     0     0   99
22:15:27       6   100    0    0    0    0    0     0     0     0    0
22:15:27       7     1    0    0    0    0    0     0     0     0   98
22:15:28       0     0    0    0    0    0    0     0     0     0  100
22:15:28       1   100    0    0    0    0    0     0     0     0    0
22:15:28       2    18    0    3    0    0    0     0     0     0   78
22:15:28       3   100    0    0    0    0    0     0     0     0    0
22:15:28       4   100    0    0    0    0    0     0     0     0    0
22:15:28       5    10    0    6    0    0    0     0     0     0   83
22:15:28       6   100    0    0    0    0    0     0     0     0    0
22:15:28       7    16    0    6    0    0    0     0     0     0   76
22:15:29       0     2    0    3    0    0    0     0     0     0   93
22:15:29       1   100    0    0    0    0    0     0     0     0    0
22:15:29       2     7    0    0    0    0    0     0     0     0   91
22:15:29       3   100    0    0    0    0    0     0     0     0    0
22:15:29       4   100    0    0    0    0    0     0     0     0    0
22:15:29       5     0    0    0    0    0    0     0     0     0  100
22:15:29       6   100    0    0    0    0    0     0     0     0    0
22:15:29       7     1    0    1    0    0    0     0     0     0   96
22:15:30       0     0    0    0    0    0    0     0     0     0  100
22:15:30       1   100    0    0    0    0    0     0     0     0    0
22:15:30       2     0    0    0    0    0    0     0     0     0  100
22:15:30       3   100    0    0    0    0    0     0     0     0    0
22:15:30       4   100    0    0    0    0    0     0     0     0    0
22:15:30       5     0    0    1    0    0    0     0     0     0   99
22:15:30       6   100    0    0    0    0    0     0     0     0    0
22:15:30       7     0    0    0    0    0    0     0     0     0  100
22:15:31       0     0    0    1    0    0    0     0     0     0   98
22:15:31       1   100    0    0    0    0    0     0     0     0    0
22:15:31       2     1    0    0    0    0    0     0     0     0   96
22:15:31       3   100    0    0    0    0    0     0     0     0    0
22:15:31       4   100    0    0    0    0    0     0     0     0    0
22:15:31       5     0    0    0    1    0    0     0     0     0   98
22:15:31       6   100    0    0    0    0    0     0     0     0    0
22:15:31       7     2    0    0    0    0    0     0     0     0   97
22:15:32       0     5    0    1    0    0    0     0     0     0   92
22:15:32       1   100    0    0    0    0    0     0     0     0    0
22:15:32       2     5    0    0    0    0    0     0     0     0   93
22:15:32       3   100    0    0    0    0    0     0     0     0    0
22:15:32       4   100    0    0    0    0    0     0     0     0    0
22:15:32       5    10    0    1    0    0    0     0     0     0   87
22:15:32       6   100    0    0    0    0    0     0     0     0    0
22:15:32       7     0    0    1    0    0    0     0     0     0   98

# SINGLE CPU[HYPER] STATISTICS
#Time        Cpu  User Nice  Sys Wait IRQ  Soft Steal Guest NiceG Idle
22:15:33       0     2    0    0    0    0    0     0     0     0   96
22:15:33       1   100    0    0    0    0    0     0     0     0    0
22:15:33       2     0    1    0    0    0    0     0     0     0   98
22:15:33       3   100    0    0    0    0    0     0     0     0    0
22:15:33       4    97    0    2    1    0    0     0     0     0    0
22:15:33       5    12    0    1    0    0    0     0     0     0   85
22:15:33       6   100    0    0    0    0    0     0     0     0    0
22:15:33       7     2    0    1    0    0    0     0     0     0   97
22:15:34       0    64    0    5    0    0    0     0     0     0   31
22:15:34       1   100    0    0    0    0    0     0     0     0    0
22:15:34       2    22    0    1    0    0    0     0     0     0   75
22:15:34       3   100    0    0    0    0    0     0     0     0    0
22:15:34       4    24    0    1    0    0    0     0     0     0   73
22:15:34       5     2    0    2    0    0    0     0     0     0   96
22:15:34       6   100    0    0    0    0    0     0     0     0    0
22:15:34       7     7    0    2    1    0    0     0     0     0   89
22:15:35       0    94    0    3    0    0    0     0     0     0    0
22:15:35       1    99    0    0    0    0    0     0     0     0    0
22:15:35       2     4    0    3    0    0    0     0     0     0   92
22:15:35       3   100    0    0    0    0    0     0     0     0    0
22:15:35       4     4    1    2    0    0    0     0     0     0   92
22:15:35       5     7    0    0    0    0    0     0     0     0   92
22:15:35       6   100    0    0    0    0    0     0     0     0    0
22:15:35       7     6    0    2    0    0    0     0     0     0   92
22:15:36       0    73    0   26    0    0    0     0     0     0    0
22:15:36       1    44    0    1    0    0    0     0     0     0   55
22:15:36       2     7    0    1    0    0    0     0     0     0   90
22:15:36       3    40    0    0    0    0    0     0     0     0   59
22:15:36       4     3    0    2    0    0    0     0     0     0   95
22:15:36       5     0    0    1    0    0    0     0     0     0   98
22:15:36       6    41    0    2    0    0    0     0     0     0   57
22:15:36       7     5    0    1    0    0    0     0     0     0   93
22:15:37       0    98    0    1    0    0    0     0     0     0    0
22:15:37       1   100    0    0    0    0    0     0     0     0    0
22:15:37       2     5    0    1    0    0    0     0     0     0   94
22:15:37       3   100    0    0    0    0    0     0     0     0    0
22:15:37       4     2    0    1    0    0    0     0     0     0   96
22:15:37       5     2    0    0    0    0    0     0     0     0   95
22:15:37       6   100    0    0    0    0    0     0     0     0    0
22:15:37       7     3    0    1    0    0    0     0     0     0   95
22:15:38       0    35    0   65    0    0    0     0     0     0    0
22:15:38       1    15    0    1    0    0    0     0     0     0   84
22:15:38       2     1    0    0    0    0    0     0     0     0   98
22:15:38       3    15    0    1    0    0    0     0     0     0   84
22:15:38       4     5    0    1    0    0    0     0     0     0   93
22:15:38       5     1    0    0    0    0    0     0     0     0   98
22:15:38       6    18    0    0    0    0    0     0     0     0   82
22:15:38       7     0    0    0    0    0    0     0     0     0  100
22:15:39       0    96    0    4    0    0    0     0     0     0    0
22:15:39       1    94    0    0    0    0    0     0     0     0    6
22:15:39       2     0    0    0    0    0    0     0     0     0  100
22:15:39       3    94    0    0    0    0    0     0     0     0    5
22:15:39       4     8    0    2    0    0    0     0     0     0   89
22:15:39       5     0    0    0    0    0    0     0     0     0  100
22:15:39       6    95    0    0    0    0    0     0     0     0    5
22:15:39       7     1    0    1    0    0    0     0     0     0   97
22:15:40       0    61    0   39    0    0    0     0     0     0    0
22:15:40       1    53    0    1    0    0    0     0     0     0   46
22:15:40       2     0    0    0    0    0    0     0     0     0  100
22:15:40       3    52    0    1    0    0    0     0     0     0   47
22:15:40       4     1    1    0    0    0    0     0     0     0   98
22:15:40       5     0    0    1    0    0    0     0     0     0   99
22:15:40       6    52    0    1    0    0    0     0     0     0   47
22:15:40       7     0    0    0    0    0    0     0     0     0  100
22:15:41       0    85    0   15    0    0    0     0     0     0    0
22:15:41       1    70    0    0    0    0    0     0     0     0   30
22:15:41       2     1    0    0    0    0    0     0     0     0   97
22:15:41       3    69    0    0    0    0    0     0     0     0   30
22:15:41       4     2    0    0    0    0    0     0     0     0   98
22:15:41       5     1    0    0    1    0    0     0     0     0   98
22:15:41       6    70    0    0    0    0    0     0     0     0   30
22:15:41       7     1    0    0    0    0    0     0     0     0   97
22:15:42       0    86    0   14    0    0    0     0     0     0    0
22:15:42       1    77    0    1    0    0    0     0     0     0   22
22:15:42       2     0    0    0    0    0    0     0     0     0  100
22:15:42       3    77    0    1    0    0    0     0     0     0   20
22:15:42       4     0    1    0    0    0    0     0     0     0   98
22:15:42       5     0    0    0    0    0    0     0     0     0  100
22:15:42       6    80    0    0    0    0    0     0     0     0   20
22:15:42       7     0    0    0    0    0    0     0     0     0  100
22:15:43       0    66    0   34    0    0    0     0     0     0    0
22:15:43       1    47    0    0    0    0    0     0     0     0   53
22:15:43       2     1    0    2    0    0    0     0     0     0   97
22:15:43       3    46    0    0    0    0    0     0     0     0   53
22:15:43       4     0    0    1    0    0    0     0     0     0   99
22:15:43       5    10    0    1    0    0    0     0     0     0   88
22:15:43       6    46    0    0    0    0    0     0     0     0   53
22:15:43       7     0    0    0    0    0    0     0     0     0  100
22:15:44       0    93    0    7    0    0    0     0     0     0    0
22:15:44       1    99    0    1    0    0    0     0     0     0    0
22:15:44       2     0    0    0    1    0    0     0     0     0   98
22:15:44       3   100    0    0    0    0    0     0     0     0    0
22:15:44       4     0    1    0    0    0    0     0     0     0   98
22:15:44       5     7    0    1    0    0    0     0     0     0   91
22:15:44       6    99    0    0    0    0    0     0     0     0    0
22:15:44       7     4    0    0    0    0    0     0     0     0   95
22:15:45       0     5    0    6    0    0    0     0     0     0   88
22:15:45       1    13    0    1    0    0    0     0     0     0   85
22:15:45       2    35    0   55    0    0    0     0     0     0   10
22:15:45       3     6    0    3    0    0    0     0     0     0   91
22:15:45       4    15    0    1    0    0    0     0     0     0   83
22:15:45       5     6    1    2    0    0    0     0     0     0   90
22:15:45       6     6    0    0    0    0    0     0     0     0   93
22:15:45       7     2    0    3    0    0    1     0     0     0   93
22:15:46       0     1    1    0    0    0    0     0     0     0   97
22:15:46       1    86    0    0    0    0    0     0     0     0   14
22:15:46       2    19    0    3    0    0    0     0     0     0   77
22:15:46       3   100    0    0    0    0    0     0     0     0    0
22:15:46       4   100    0    0    0    0    0     0     0     0    0
22:15:46       5     2    0    1    1    0    0     0     0     0   96
22:15:46       6   100    0    0    0    0    0     0     0     0    0
22:15:46       7     4    0    1    1    0    0     0     0     0   93
22:15:47       0     0    0    0    0    0    0     0     0     0   98
22:15:47       1    54    0   46    0    0    0     0     0     0    0
22:15:47       2     0    0    0    0    0    0     0     0     0  100
22:15:47       3    44    0    0    0    0    0     0     0     0   56
22:15:47       4    43    0    1    0    0    0     0     0     0   56
22:15:47       5     1    0    0    0    0    0     0     0     0   99
22:15:47       6    50    0    2    0    0    0     0     0     0   48
22:15:47       7     0    0    0    0    0    0     0     0     0  100
22:15:48       0     1    0    0    0    0    0     0     0     0   98
22:15:48       1    86    0   14    0    0    0     0     0     0    0
22:15:48       2     1    0    1    0    0    0     0     0     0   98
22:15:48       3    73    0    0    0    0    0     0     0     0   27
22:15:48       4    72    0    0    0    0    0     0     0     0   27
22:15:48       5    16    0    2    0    0    0     0     0     0   81
22:15:48       6    72    0    0    0    0    0     0     0     0   27
22:15:48       7     0    0    1    0    0    0     0     0     0   97
22:15:49       0     3    0    1    0    0    0     0     0     0   95
22:15:49       1    80    0   20    0    0    0     0     0     0    0
22:15:49       2     2    0    0    0    0    0     0     0     0   98
22:15:49       3    75    0    0    0    0    0     0     0     0   24
22:15:49       4    76    0    1    0    0    0     0     0     0   23
22:15:49       5     1    0    0    0    0    0     0     0     0   98
22:15:49       6    76    0    0    0    0    0     0     0     0   24
22:15:49       7     0    0    0    0    0    0     0     0     0  100
22:15:50       0     6    1    1    0    0    0     0     0     0   91
22:15:50       1    70    0   30    0    0    0     0     0     0    0
22:15:50       2    10    0    1    0    0    0     0     0     0   87
22:15:50       3    50    0    0    0    0    0     0     0     0   50
22:15:50       4    50    0    0    0    0    0     0     0     0   50
22:15:50       5     9    0    1    0    0    0     0     0     0   89
22:15:50       6    50    0    0    0    0    0     0     0     0   50
22:15:50       7     3    2    2    0    0    0     0     0     0   92
22:15:51       0     7    0    1    0    0    0     0     0     0   92
22:15:51       1    93    0    7    0    0    0     0     0     0    0
22:15:51       2     1    0    1    0    0    0     0     0     0   97
22:15:51       3    99    0    0    0    0    0     0     0     0    0
22:15:51       4    98    0    2    0    0    0     0     0     0    0
22:15:51       5     5    0    1    0    0    0     0     0     0   93
22:15:51       6    99    0    0    0    0    0     0     0     0    0
22:15:51       7     6    0    0    1    0    0     0     0     0   92
22:15:52       0     2    0    0    0    0    0     0     0     0   98
22:15:52       1    57    0   43    0    0    0     0     0     0    0
22:15:52       2     0    0    1    0    0    0     0     0     0   99
22:15:52       3    27    0    0    0    0    0     0     0     0   73
22:15:52       4    28    0    0    0    0    0     0     0     0   72
22:15:52       5     0    1    0    0    0    0     0     0     0   98
22:15:52       6    28    0    0    0    0    0     0     0     0   71
22:15:52       7     0    0    0    0    0    0     0     0     0  100
22:15:53       0     1    0    0    0    0    0     0     0     0   99
22:15:53       1   100    0    0    0    0    0     0     0     0    0
22:15:53       2     3    0    0    0    0    0     0     0     0   94
22:15:53       3   100    0    0    0    0    0     0     0     0    0
22:15:53       4   100    0    0    0    0    0     0     0     0    0
22:15:53       5     1    0    0    0    0    0     0     0     0   98
22:15:53       6   100    0    0    0    0    0     0     0     0    0
22:15:53       7     0    0    1    0    0    0     0     0     0   98
22:15:54       0     2    0    1    0    0    0     0     0     0   97
22:15:54       1    51    0   49    0    0    0     0     0     0    0
22:15:54       2     2    0    1    0    0    0     0     0     0   97
22:15:54       3    30    0    1    0    0    0     0     0     0   69
22:15:54       4    30    0    1    0    0    0     0     0     0   69
22:15:54       5     2    0    2    0    0    0     0     0     0   96
22:15:54       6    32    0    1    0    0    0     0     0     0   67
22:15:54       7     1    0    1    0    0    0     0     0     0   97

# SINGLE CPU[HYPER] STATISTICS
#Time        Cpu  User Nice  Sys Wait IRQ  Soft Steal Guest NiceG Idle
22:15:55       0    11    0    3    0    0    0     0     0     0   83
22:15:55       1   100    0    0    0    0    0     0     0     0    0
22:15:55       2     5    0    5    0    0    0     0     0     0   88
22:15:55       3   100    0    0    0    0    0     0     0     0    0
22:15:55       4   100    0    0    0    0    0     0     0     0    0
22:15:55       5    11    0    2    0    0    0     0     0     0   86
22:15:55       6   100    0    0    0    0    0     0     0     0    0
22:15:55       7     5    0    2    0    0    0     0     0     0   92
22:15:56       0     9    0    3    0    0    0     0     0     0   86
22:15:56       1    58    0   42    0    0    0     0     0     0    0
22:15:56       2     2    0    0    0    0    0     0     0     0   97
22:15:56       3    42    0    0    0    0    0     0     0     0   57
22:15:56       4    45    0    0    0    0    0     0     0     0   55
22:15:56       5     5    0    0    0    0    1     0     0     0   93
22:15:56       6    46    0    2    0    0    0     0     0     0   52
22:15:56       7     5    0    2    0    0    0     0     0     0   92
22:15:57       0    11    0    3    0    0    0     0     0     0   85
22:15:57       1    97    0    3    0    0    0     0     0     0    0
22:15:57       2    10    0    1    0    0    0     0     0     0   88
22:15:57       3    85    0    0    0    0    0     0     0     0   15
22:15:57       4    85    0    0    0    0    0     0     0     0   14
22:15:57       5     9    0    3    0    0    0     0     0     0   88
22:15:57       6    85    0    0    0    0    0     0     0     0   14
22:15:57       7     7    0    2    0    0    0     0     0     0   90
22:15:58       0     2    1    1    0    0    0     0     0     0   96
22:15:58       1    84    0    5    9    0    0     0     0     0    2
22:15:58       2     2    0    1    0    0    0     0     0     0   96
22:15:58       3    99    0    0    0    0    0     0     0     0    0
22:15:58       4    99    0    0    0    0    0     0     0     0    0
22:15:58       5     1    0    0    1    0    0     0     0     0   97
22:15:58       6    98    0    1    0    0    0     0     0     0    0
22:15:58       7     2    0    0    0    0    0     0     0     0   97
22:15:59       0     8    0    2    0    0    0     0     0     0   89
22:15:59       1    20    4    3    1    0    0     0     0     0   71
22:15:59       2     7    0    4    1    0    0     0     0     0   87
22:15:59       3     5   17    2    0    0    0     0     0     0   75
22:15:59       4    10    0    4    0    0    0     0     0     0   85
22:15:59       5     8    5    1    1    0    0     0     0     0   84
22:15:59       6     6   10    3    0    0    0     0     0     0   80
22:15:59       7     4   16    2    1    0    0     0     0     0   76
22:16:00       0     1    0    0    0    0    0     0     0     0   99
22:16:00       1     0    0    0    0    0    0     0     0     0   99
22:16:00       2     0    0    0    0    0    0     0     0     0  100
22:16:00       3     0    5    1    0    0    0     0     0     0   94
22:16:00       4     1    0    0    0    0    0     0     0     0   99
22:16:00       5     0    0    1    0    0    0     0     0     0   99
22:16:00       6     0    0    0    0    0    0     0     0     0  100
22:16:00       7     0    1    0    0    0    0     0     0     0   99
22:16:01       0     0    0    0    0    0    0     0     0     0  100
22:16:01       1     1    0    0    0    0    0     0     0     0   98
22:16:01       2     0    0    0    0    0    0     0     0     0   98
22:16:01       3     0    0    0    0    0    0     0     0     0   99
22:16:01       4     0    0    0    0    0    0     0     0     0  100
22:16:01       5     0    0    0    0    0    0     0     0     0  100
22:16:01       6     0    0    1    0    0    0     0     0     0   98
22:16:01       7     9    0    2    0    0    0     0     0     0   89
22:16:02       0     0    0    0    0    0    0     0     0     0  100
22:16:02       1     0    0    1    0    0    0     0     0     0   99
22:16:02       2     1    0    0    0    0    0     0     0     0   98
22:16:02       3     0    0    0    0    0    0     0     0     0  100
22:16:02       4     0    0    0    0    0    0     0     0     0  100
22:16:02       5     0    0    0    0    0    0     0     0     0  100
22:16:02       6     0    0    0    0    0    0     0     0     0  100
22:16:02       7     0    1    0    0    0    0     0     0     0   98
22:16:03       0     1    0    0    0    0    0     0     0     0   99
22:16:03       1     3    0    0    0    0    0     0     0     0   96
22:16:03       2     0    0    0    0    0    0     0     0     0   98
22:16:03       3     0    0    0    0    0    0     0     0     0   98
22:16:03       4     1    0    0    0    0    0     0     0     0   99
22:16:03       5     1    0    0    0    0    0     0     0     0   99
22:16:03       6     0    0    0    0    0    0     0     0     0  100
22:16:03       7     1    1    0    0    0    0     0     0     0   98
22:16:04       0     0    0    0    0    0    0     0     0     0  100
22:16:04       1     0    0    1    0    0    0     0     0     0   99
22:16:04       2     1    0    0    0    0    0     0     0     0   99
22:16:04       3     1    0    0    0    0    0     0     0     0   99
22:16:04       4     1    0    0    0    0    0     0     0     0   99
22:16:04       5     0    0    1    1    0    0     0     0     0   98
22:16:04       6     0    0    0    0    0    0     0     0     0  100
22:16:04       7     0    1    0    0    0    0     0     0     0   99
22:16:05       0     2    0    1    0    0    0     0     0     0   97
22:16:05       1     2    0    1    0    0    0     0     0     0   96
22:16:05       2     3    0    0    0    0    0     0     0     0   95
22:16:05       3     1    0    1    0    0    0     0     0     0   98
22:16:05       4     0    0    1    0    0    0     0     0     0   98
22:16:05       5     2    0    2    0    0    0     0     0     0   95
22:16:05       6     1    0    1    0    0    0     0     0     0   97
22:16:05       7     3    0    2    0    0    0     0     0     0   94
22:16:06       0     1    0    0    0    0    0     0     0     0   98
22:16:06       1     0    0    0    0    0    0     0     0     0  100
22:16:06       2     1    0    1    0    0    0     0     0     0   97
22:16:06       3     1    0    0    0    0    0     0     0     0   98
22:16:06       4     2    0    0    0    0    0     0     0     0   97
22:16:06       5     1    0    0    0    0    0     0     0     0   98
22:16:06       6     0    0    1    0    0    0     0     0     0   97
22:16:06       7     0    0    0    0    0    0     0     0     0  100
22:16:07       0     1    0    0    0    0    0     0     0     0   99
22:16:07       1     1    0    0    0    0    0     0     0     0   99
22:16:07       2     0    0    0    0    0    0     0     0     0  100
22:16:07       3     0    0    1    0    0    0     0     0     0   97
22:16:07       4     1    0    0    0    0    0     0     0     0   99
22:16:07       5     1    0    0    0    0    0     0     0     0   99
22:16:07       6     0    0    1    0    0    0     0     0     0   99
22:16:07       7     0    1    0    0    0    0     0     0     0   98
22:16:08       0     0    0    1    0    0    0     0     0     0   99
22:16:08       1     0    0    0    0    0    0     0     0     0   98
22:16:08       2     1    0    0    0    0    0     0     0     0   99
22:16:08       3     1    0    0    0    0    0     0     0     0   99
22:16:08       4     0    0    0    0    0    0     0     0     0   98
22:16:08       5     0    0    0    0    0    0     0     0     0  100
22:16:08       6     0    0    0    0    0    0     0     0     0  100
22:16:08       7     0    0    0    0    0    0     0     0     0   98
Ouch!
