waiting for 1 second sample...

# SINGLE CPU[HYPER] STATISTICS
#Time        Cpu  User Nice  Sys Wait IRQ  Soft Steal Guest NiceG Idle
22:46:20       0     3    0    0    0    0    0     0     0     0   95
22:46:20       1     2    1    0    0    0    0     0     0     0   95
22:46:20       2    97    0    3    0    0    0     0     0     0    0
22:46:20       3    98    0    2    0    0    0     0     0     0    0
22:46:20       4   100    0    0    0    0    0     0     0     0    0
22:46:20       5   100    0    0    0    0    0     0     0     0    0
22:46:20       6     3    0    0    0    0    0     0     0     0   96
22:46:20       7     1    0    0    0    0    0     0     0     0   98
22:46:21       0    12    0    1    0    0    0     0     0     0   86
22:46:21       1     4    0    1    0    0    0     0     0     0   93
22:46:21       2    98    0    2    0    0    0     0     0     0    0
22:46:21       3    98    0    2    0    0    0     0     0     0    0
22:46:21       4   100    0    0    0    0    0     0     0     0    0
22:46:21       5   100    0    0    0    0    0     0     0     0    0
22:46:21       6     1    0    1    0    0    0     0     0     0   95
22:46:21       7     2    0    1    0    0    0     0     0     0   95
22:46:22       0    10    0    1    0    0    0     0     0     0   86
22:46:22       1     6    0    1    0    0    0     0     0     0   93
22:46:22       2    99    0    1    0    0    0     0     0     0    0
22:46:22       3    99    0    1    0    0    0     0     0     0    0
22:46:22       4   100    0    0    0    0    0     0     0     0    0
22:46:22       5   100    0    0    0    0    0     0     0     0    0
22:46:22       6     4    0    1    0    0    0     0     0     0   93
22:46:22       7     1    0    1    0    0    0     0     0     0   96
22:46:23       0     7    0    1    0    0    0     0     0     0   90
22:46:23       1     6    0    2    0    0    0     0     0     0   89
22:46:23       2   100    0    0    0    0    0     0     0     0    0
22:46:23       3   100    0    0    0    0    0     0     0     0    0
22:46:23       4    97    0    2    0    0    0     0     0     0    0
22:46:23       5    98    0    1    0    0    0     0     0     0    0
22:46:23       6     8    0    1    0    0    0     0     0     0   89
22:46:23       7    11    0    1    0    0    0     0     0     0   86
22:46:24       0     1    1    1    0    0    0     0     0     0   96
22:46:24       1     1    0    1    0    0    0     0     0     0   97
22:46:24       2    98    0    1    0    0    0     0     0     0    0
22:46:24       3    97    0    3    0    0    0     0     0     0    0
22:46:24       4    98    0    2    0    0    0     0     0     0    0
22:46:24       5   100    0    0    0    0    0     0     0     0    0
22:46:24       6     1    0    0    0    0    0     0     0     0   97
22:46:24       7     0    0    0    0    0    0     0     0     0   97
22:46:25       0     1   10    0    0    0    0     0     0     0   88
22:46:25       1     0   13    3    0    0    0     0     0     0   84
22:46:25       2    98    0    1    0    0    0     0     0     0    0
22:46:25       3    95    0    4    0    0    0     0     0     0    0
22:46:25       4    98    0    1    0    0    0     0     0     0    0
22:46:25       5    97    0    3    0    0    0     0     0     0    0
22:46:25       6     0    5    3    0    0    0     0     0     0   90
22:46:25       7     1   14    1    0    0    0     0     0     0   84
22:46:26       0     1   25    1    0    0    0     0     0     0   72
22:46:26       1     2   15    0    0    0    0     0     0     0   80
22:46:26       2    95    0    5    0    0    0     0     0     0    0
22:46:26       3    95    0    4    0    0    0     0     0     0    0
22:46:26       4    97    0    2    0    0    0     0     0     0    0
22:46:26       5   100    0    0    0    0    0     0     0     0    0
22:46:26       6     1   24    1    0    0    0     0     0     0   74
22:46:26       7     2    6    1    0    0    0     0     0     0   91
22:46:27       0     1    0    0    0    0    0     0     0     0   98
22:46:27       1     1    0    0    0    0    0     0     0     0   98
22:46:27       2    94    0    6    0    0    0     0     0     0    0
22:46:27       3    88    0   12    0    0    0     0     0     0    0
22:46:27       4    93    0    7    0    0    0     0     0     0    0
22:46:27       5    93    0    6    0    0    0     0     0     0    0
22:46:27       6     0    0    0    0    0    0     0     0     0  100
22:46:27       7     0    0    0    0    0    0     0     0     0   98
22:46:28       0     0    0    0    0    0    0     0     0     0   98
22:46:28       1     0    0    1    1    0    0     0     0     0   98
22:46:28       2    95    0    5    0    0    0     0     0     0    0
22:46:28       3    91    0    6    0    0    0     0     0     0    0
22:46:28       4    95    0    5    0    0    0     0     0     0    0
22:46:28       5    95    0    4    1    0    0     0     0     0    0
22:46:28       6     0    0    0    0    0    0     0     0     0  100
22:46:28       7     1    0    0    0    0    0     0     0     0   99
22:46:29       0     0    0    0    0    0    0     0     0     0  100
22:46:29       1     0    0    0    0    0    0     0     0     0  100
22:46:29       2   100    0    0    0    0    0     0     0     0    0
22:46:29       3   100    0    0    0    0    0     0     0     0    0
22:46:29       4   100    0    0    0    0    0     0     0     0    0
22:46:29       5   100    0    0    0    0    0     0     0     0    0
22:46:29       6     0    1    1    1    0    0     0     0     0   97
22:46:29       7     0    0    0    0    0    0     0     0     0  100
22:46:30       0     1    0    0    0    0    0     0     0     0   97
22:46:30       1     1    0    0    0    0    0     0     0     0   98
22:46:30       2   100    0    0    0    0    0     0     0     0    0
22:46:30       3   100    0    0    0    0    0     0     0     0    0
22:46:30       4    99    0    1    0    0    0     0     0     0    0
22:46:30       5    99    0    1    0    0    0     0     0     0    0
22:46:30       6     0    0    1    0    0    0     0     0     0   99
22:46:30       7     0    0    1    0    0    0     0     0     0   99
22:46:31       0     1    0    0    0    0    0     0     0     0   98
22:46:31       1     1    0    0    0    0    0     0     0     0   99
22:46:31       2   100    0    0    0    0    0     0     0     0    0
22:46:31       3    99    0    0    0    0    0     0     0     0    0
22:46:31       4   100    0    0    0    0    0     0     0     0    0
22:46:31       5   100    0    0    0    0    0     0     0     0    0
22:46:31       6     0    0    0    0    0    0     0     0     0   99
22:46:31       7     0    0    0    0    0    0     0     0     0   98
22:46:32       0     1    0    1    0    0    0     0     0     0   98
22:46:32       1     5    0    2    1    0    0     0     0     0   91
22:46:32       2   100    0    0    0    0    0     0     0     0    0
22:46:32       3   100    0    0    0    0    0     0     0     0    0
22:46:32       4   100    0    0    0    0    0     0     0     0    0
22:46:32       5   100    0    0    0    0    0     0     0     0    0
22:46:32       6     6    1    1    0    0    0     0     0     0   92
22:46:32       7     1    1    0    0    0    0     0     0     0   98
22:46:33       0    17    1    1    0    0    0     0     0     0   80
22:46:33       1    71    0    1    0    0    0     0     0     0   27
22:46:33       2    37   50    0    0    0    0     0     0     0   12
22:46:33       3    92    0    7    0    0    0     0     0     0    0
22:46:33       4    93    0    7    0    0    0     0     0     0    0
22:46:33       5   100    0    0    0    0    0     0     0     0    0
22:46:33       6    27    7    3    0    0    0     0     0     0   63
22:46:33       7     4    3    3    0    0    0     0     0     0   90
22:46:34       0     1    0    0    0    0    0     0     0     0   98
22:46:34       1    20    0    0    0    0    0     0     0     0   78
22:46:34       2    80   10    0    0    0    0     0     0     0    9
22:46:34       3    94    0    6    0    0    0     0     0     0    0
22:46:34       4    95    0    5    0    0    0     0     0     0    0
22:46:34       5    99    0    1    0    0    0     0     0     0    0
22:46:34       6     0   17    0    0    0    0     0     0     0   82
22:46:34       7     1    2    0    0    0    0     0     0     0   97
22:46:35       0     2    1    2    0    0    0     0     0     0   95
22:46:35       1     1    0    1    0    0    0     0     0     0   97
22:46:35       2    98    0    1    0    0    0     0     0     0    0
22:46:35       3    99    0    1    0    0    0     0     0     0    0
22:46:35       4   100    0    0    0    0    0     0     0     0    0
22:46:35       5    98    0    1    0    0    0     0     0     0    0
22:46:35       6     0    0    1    0    0    0     0     0     0   98
22:46:35       7     0    0    3    0    0    0     0     0     0   95
22:46:36       0     2    0    1    0    0    0     0     0     0   97
22:46:36       1    14    0    1    0    0    0     0     0     0   85
22:46:36       2    97    0    3    0    0    0     0     0     0    0
22:46:36       3    98    0    2    0    0    0     0     0     0    0
22:46:36       4    97    0    2    0    0    0     0     0     0    0
22:46:36       5   100    0    0    0    0    0     0     0     0    0
22:46:36       6     2    0    1    0    0    0     0     0     0   96
22:46:36       7     0    0    3    0    0    0     0     0     0   96
22:46:37       0     0    0    0    0    0    0     0     0     0  100
22:46:37       1     0    0    0    0    0    0     0     0     0  100
22:46:37       2   100    0    0    0    0    0     0     0     0    0
22:46:37       3   100    0    0    0    0    0     0     0     0    0
22:46:37       4   100    0    0    0    0    0     0     0     0    0
22:46:37       5    99    0    1    0    0    0     0     0     0    0
22:46:37       6     1    0    0    0    0    0     0     0     0   99
22:46:37       7     1    0    0    0    0    0     0     0     0   99
22:46:38       0     2    0    0    1    0    0     0     0     0   97
22:46:38       1     1    0    0    0    0    0     0     0     0   99
22:46:38       2    99    0    0    0    0    0     0     0     0    0
22:46:38       3   100    0    0    0    0    0     0     0     0    0
22:46:38       4   100    0    0    0    0    0     0     0     0    0
22:46:38       5   100    0    0    0    0    0     0     0     0    0
22:46:38       6     0    0    1    1    0    0     0     0     0   97
22:46:38       7     1    1    0    0    0    0     0     0     0   98
22:46:39       0     0    0    0    0    0    0     0     0     0  100
22:46:39       1     0    0    0    0    0    0     0     0     0  100
22:46:39       2   100    0    0    0    0    0     0     0     0    0
22:46:39       3   100    0    0    0    0    0     0     0     0    0
22:46:39       4    99    0    1    0    0    0     0     0     0    0
22:46:39       5    99    0    1    0    0    0     0     0     0    0
22:46:39       6     1    0    0    0    0    0     0     0     0   99
22:46:39       7     0    1    0    0    0    0     0     0     0   98
22:46:40       0     2    1    0    0    0    0     0     0     0   96
22:46:40       1     1    0    1    0    0    0     0     0     0   98
22:46:40       2   100    0    0    0    0    0     0     0     0    0
22:46:40       3    99    0    0    0    0    0     0     0     0    0
22:46:40       4   100    0    0    0    0    0     0     0     0    0
22:46:40       5   100    0    0    0    0    0     0     0     0    0
22:46:40       6     1    0    1    0    0    0     0     0     0   97
22:46:40       7     1    0    1    0    0    0     0     0     0   98
22:46:41       0     1    1    2    0    0    0     0     0     0   95
22:46:41       1     2    1    2    0    0    0     0     0     0   94
22:46:41       2   100    0    0    0    0    0     0     0     0    0
22:46:41       3   100    0    0    0    0    0     0     0     0    0
22:46:41       4   100    0    0    0    0    0     0     0     0    0
22:46:41       5   100    0    0    0    0    0     0     0     0    0
22:46:41       6     1    0    2    0    0    0     0     0     0   96
22:46:41       7     2    0    1    0    0    0     0     0     0   95

# SINGLE CPU[HYPER] STATISTICS
#Time        Cpu  User Nice  Sys Wait IRQ  Soft Steal Guest NiceG Idle
22:46:42       0     3    1    2    0    0    0     0     0     0   94
22:46:42       1     1    0    0    0    0    0     0     0     0   98
22:46:42       2   100    0    0    0    0    0     0     0     0    0
22:46:42       3   100    0    0    0    0    0     0     0     0    0
22:46:42       4   100    0    0    0    0    0     0     0     0    0
22:46:42       5   100    0    0    0    0    0     0     0     0    0
22:46:42       6     2    1    0    0    0    0     0     0     0   97
22:46:42       7     3    0    0    0    0    0     0     0     0   96
22:46:43       0    11    0    0    0    0    0     0     0     0   88
22:46:43       1     2    0    1    0    0    0     0     0     0   96
22:46:43       2   100    0    0    0    0    0     0     0     0    0
22:46:43       3   100    0    0    0    0    0     0     0     0    0
22:46:43       4   100    0    0    0    0    0     0     0     0    0
22:46:43       5    99    0    1    0    0    0     0     0     0    0
22:46:43       6     1    1    0    1    0    0     0     0     0   97
22:46:43       7     1    0    1    0    0    0     0     0     0   98
22:46:44       0     1    2    2    0    0    0     0     0     0   94
22:46:44       1     3    1    1    0    0    0     0     0     0   95
22:46:44       2   100    0    0    0    0    0     0     0     0    0
22:46:44       3   100    0    0    0    0    0     0     0     0    0
22:46:44       4   100    0    0    0    0    0     0     0     0    0
22:46:44       5   100    0    0    0    0    0     0     0     0    0
22:46:44       6     4    2    0    0    0    0     0     0     0   93
22:46:44       7     2    0    2    0    0    0     0     0     0   95
22:46:45       0     3   12    3    0    0    0     0     0     0   81
22:46:45       1     6   13    5    0    0    0     0     0     0   75
22:46:45       2   100    0    0    0    0    0     0     0     0    0
22:46:45       3    99    0    1    0    0    0     0     0     0    0
22:46:45       4   100    0    0    0    0    0     0     0     0    0
22:46:45       5   100    0    0    0    0    0     0     0     0    0
22:46:45       6     3    5    6    0    0    0     0     0     0   85
22:46:45       7     5   13    2    0    0    0     0     0     0   77
22:46:46       0     3   18    0    0    0    0     0     0     0   76
22:46:46       1     0   38    2    0    0    0     0     0     0   59
22:46:46       2   100    0    0    0    0    0     0     0     0    0
22:46:46       3   100    0    0    0    0    0     0     0     0    0
22:46:46       4    99    0    0    0    0    0     0     0     0    0
22:46:46       5    99    0    0    0    0    0     0     0     0    0
22:46:46       6     1   17    2    0    0    0     0     0     0   79
22:46:46       7     2   23    1    0    0    0     0     0     0   74
22:46:47       0     3   32    2    0    0    0     0     0     0   62
22:46:47       1     6   12    1    0    0    0     0     0     0   80
22:46:47       2   100    0    0    0    0    0     0     0     0    0
22:46:47       3   100    0    0    0    0    0     0     0     0    0
22:46:47       4   100    0    0    0    0    0     0     0     0    0
22:46:47       5   100    0    0    0    0    0     0     0     0    0
22:46:47       6     6   41    0    0    0    0     0     0     0   52
22:46:47       7     4   10    1    0    0    0     0     0     0   84
22:46:48       0     3    4    1    0    0    0     0     0     0   91
22:46:48       1     2    0    1    1    0    0     0     0     0   96
22:46:48       2   100    0    0    0    0    0     0     0     0    0
22:46:48       3   100    0    0    0    0    0     0     0     0    0
22:46:48       4   100    0    0    0    0    0     0     0     0    0
22:46:48       5   100    0    0    0    0    0     0     0     0    0
22:46:48       6     1    0    2    1    0    0     0     0     0   95
22:46:48       7     2    4    0    0    0    0     0     0     0   93
22:46:49       0     2    1    1    0    0    0     0     0     0   95
22:46:49       1     2    0    1    0    0    0     0     0     0   96
22:46:49       2   100    0    0    0    0    0     0     0     0    0
22:46:49       3    99    0    0    0    0    0     0     0     0    0
22:46:49       4    99    0    1    0    0    0     0     0     0    0
22:46:49       5    98    0    2    0    0    0     0     0     0    0
22:46:49       6     3    0    1    0    0    0     0     0     0   96
22:46:49       7     1    0    0    0    0    0     0     0     0   96
22:46:50       0     3    0    0    0    0    0     0     0     0   96
22:46:50       1     0    2    3    1    0    0     0     0     0   93
22:46:50       2   100    0    0    0    0    0     0     0     0    0
22:46:50       3   100    0    0    0    0    0     0     0     0    0
22:46:50       4   100    0    0    0    0    0     0     0     0    0
22:46:50       5   100    0    0    0    0    0     0     0     0    0
22:46:50       6     1    0    1    0    0    0     0     0     0   98
22:46:50       7     0    0    2    0    0    0     0     0     0   97
22:46:51       0     3    0    1    0    0    0     0     0     0   96
22:46:51       1     3    1    1    0    0    0     0     0     0   94
22:46:51       2   100    0    0    0    0    0     0     0     0    0
22:46:51       3    99    0    1    0    0    0     0     0     0    0
22:46:51       4   100    0    0    0    0    0     0     0     0    0
22:46:51       5   100    0    0    0    0    0     0     0     0    0
22:46:51       6     1    0    1    0    0    0     0     0     0   97
22:46:51       7     2    0    0    0    0    0     0     0     0   97
22:46:52       0     1    1    0    0    0    0     0     0     0   97
22:46:52       1     1    2    1    0    0    0     0     0     0   95
22:46:52       2   100    0    0    0    0    0     0     0     0    0
22:46:52       3   100    0    0    0    0    0     0     0     0    0
22:46:52       4   100    0    0    0    0    0     0     0     0    0
22:46:52       5   100    0    0    0    0    0     0     0     0    0
22:46:52       6     1    0    1    0    0    0     0     0     0   97
22:46:52       7     2    0    0    0    0    0     0     0     0   97
22:46:53       0     6    0    2    0    0    0     0     0     0   91
22:46:53       1     3    3    1    0    0    0     0     0     0   93
22:46:53       2   100    0    0    0    0    0     0     0     0    0
22:46:53       3   100    0    0    0    0    0     0     0     0    0
22:46:53       4   100    0    0    0    0    0     0     0     0    0
22:46:53       5   100    0    0    0    0    0     0     0     0    0
22:46:53       6     7    0    1    1    0    0     0     0     0   91
22:46:53       7     2    0    2    0    0    0     0     0     0   95
22:46:54       0     2    1    2    0    0    0     0     0     0   95
22:46:54       1     3    0    2    0    0    0     0     0     0   94
22:46:54       2   100    0    0    0    0    0     0     0     0    0
22:46:54       3   100    0    0    0    0    0     0     0     0    0
22:46:54       4   100    0    0    0    0    0     0     0     0    0
22:46:54       5   100    0    0    0    0    0     0     0     0    0
22:46:54       6     2    0    1    0    0    0     0     0     0   96
22:46:54       7     2    1    2    0    0    0     0     0     0   94
22:46:55       0     2    0    1    0    0    0     0     0     0   96
22:46:55       1     1    0    1    0    0    0     0     0     0   96
22:46:55       2   100    0    0    0    0    0     0     0     0    0
22:46:55       3   100    0    0    0    0    0     0     0     0    0
22:46:55       4   100    0    0    0    0    0     0     0     0    0
22:46:55       5   100    0    0    0    0    0     0     0     0    0
22:46:55       6     1    0    5    0    0    0     0     0     0   92
22:46:55       7     4    0    4    0    0    0     0     0     0   90
22:46:56       0     1    1    1    0    0    0     0     0     0   94
22:46:56       1     3    0    0    0    0    0     0     0     0   96
22:46:56       2   100    0    0    0    0    0     0     0     0    0
22:46:56       3   100    0    0    0    0    0     0     0     0    0
22:46:56       4    99    0    1    0    0    0     0     0     0    0
22:46:56       5    99    0    1    0    0    0     0     0     0    0
22:46:56       6     1    1    0    0    0    0     0     0     0   97
22:46:56       7     1    0    2    0    0    0     0     0     0   96
22:46:57       0     2    0    0    0    0    0     0     0     0   97
22:46:57       1     2    0    0    0    0    0     0     0     0   97
22:46:57       2   100    0    0    0    0    0     0     0     0    0
22:46:57       3   100    0    0    0    0    0     0     0     0    0
22:46:57       4   100    0    0    0    0    0     0     0     0    0
22:46:57       5   100    0    0    0    0    0     0     0     0    0
22:46:57       6     1    0    2    0    0    0     0     0     0   97
22:46:57       7     2    0    2    0    0    0     0     0     0   95
22:46:58       0     1    1    2    0    0    0     0     0     0   95
22:46:58       1     2    1    1    0    0    0     0     0     0   96
22:46:58       2   100    0    0    0    0    0     0     0     0    0
22:46:58       3    99    0    0    0    0    0     0     0     0    0
22:46:58       4    99    0    1    0    0    0     0     0     0    0
22:46:58       5   100    0    0    0    0    0     0     0     0    0
22:46:58       6     2    0    1    1    0    0     0     0     0   95
22:46:58       7     1    0    1    0    0    0     0     0     0   95
22:46:59       0     1    1    1    0    0    0     0     0     0   96
22:46:59       1     1    0    1    0    0    0     0     0     0   97
22:46:59       2   100    0    0    0    0    0     0     0     0    0
22:46:59       3   100    0    0    0    0    0     0     0     0    0
22:46:59       4   100    0    0    0    0    0     0     0     0    0
22:46:59       5   100    0    0    0    0    0     0     0     0    0
22:46:59       6     2    0    0    0    0    0     0     0     0   97
22:46:59       7     2    0    0    0    0    0     0     0     0   98
22:47:00       0     2    1    1    0    0    0     0     0     0   96
22:47:00       1     2    0    1    0    0    0     0     0     0   97
22:47:00       2   100    0    0    0    0    0     0     0     0    0
22:47:00       3   100    0    0    0    0    0     0     0     0    0
22:47:00       4   100    0    0    0    0    0     0     0     0    0
22:47:00       5   100    0    0    0    0    0     0     0     0    0
22:47:00       6     1    0    1    0    0    0     0     0     0   97
22:47:00       7     0    1    2    0    0    0     0     0     0   96
22:47:01       0     4    1    2    0    0    0     0     0     0   93
22:47:01       1    82    0    7    0    0    0     0     0     0   11
22:47:01       2   100    0    0    0    0    0     0     0     0    0
22:47:01       3   100    0    0    0    0    0     0     0     0    0
22:47:01       4   100    0    0    0    0    0     0     0     0    0
22:47:01       5   100    0    0    0    0    0     0     0     0    0
22:47:01       6     1    0    0    0    0    0     0     0     0   96
22:47:01       7     3    1    1    0    0    0     0     0     0   94
22:47:02       0     0    0    0    0    0    0     0     0     0  100
22:47:02       1     2    0    0    0    0    0     0     0     0   97
22:47:02       2   100    0    0    0    0    0     0     0     0    0
22:47:02       3   100    0    0    0    0    0     0     0     0    0
22:47:02       4   100    0    0    0    0    0     0     0     0    0
22:47:02       5   100    0    0    0    0    0     0     0     0    0
22:47:02       6     3    0    1    0    0    0     0     0     0   95
22:47:02       7     1    1    1    0    0    0     0     0     0   96
22:47:03       0     2    0    2    0    0    0     0     0     0   95
22:47:03       1     2    0    2    0    0    0     0     0     0   95
22:47:03       2   100    0    0    0    0    0     0     0     0    0
22:47:03       3    99    0    1    0    0    0     0     0     0    0
22:47:03       4   100    0    0    0    0    0     0     0     0    0
22:47:03       5    99    0    0    0    0    0     0     0     0    0
22:47:03       6     3    1    0    1    0    0     0     0     0   94
22:47:03       7     4    0    0    0    0    0     0     0     0   95

# SINGLE CPU[HYPER] STATISTICS
#Time        Cpu  User Nice  Sys Wait IRQ  Soft Steal Guest NiceG Idle
22:47:04       0     6    1    2    0    0    0     0     0     0   91
22:47:04       1     2    0    2    0    0    0     0     0     0   96
22:47:04       2   100    0    0    0    0    0     0     0     0    0
22:47:04       3   100    0    0    0    0    0     0     0     0    0
22:47:04       4   100    0    0    0    0    0     0     0     0    0
22:47:04       5   100    0    0    0    0    0     0     0     0    0
22:47:04       6     2    1    1    0    0    0     0     0     0   96
22:47:04       7     2    0    0    0    0    0     0     0     0   97
22:47:05       0     2    1    0    0    0    0     0     0     0   96
22:47:05       1     0    0    1    0    0    0     0     0     0   98
22:47:05       2    97    0    1    0    0    0     0     0     0    0
22:47:05       3   100    0    0    0    0    0     0     0     0    0
22:47:05       4    99    0    0    0    0    0     0     0     0    0
22:47:05       5    99    0    1    0    0    0     0     0     0    0
22:47:05       6     2    0    3    0    0    0     0     0     0   94
22:47:05       7     2    0    2    0    0    0     0     0     0   95
22:47:06       0     0    0    0    0    0    0     0     0     0  100
22:47:06       1     1    0    0    0    0    0     0     0     0   98
22:47:06       2    67    0   33    0    0    0     0     0     0    0
22:47:06       3    54    0    1    0    0    0     0     0     0   45
22:47:06       4    54    0    0    0    0    0     0     0     0   45
22:47:06       5    52    0    1    0    0    0     0     0     0   45
22:47:06       6     0    0    0    0    0    0     0     0     0  100
22:47:06       7     0    0    0    0    0    0     0     0     0   97
22:47:07       0     0    0    0    0    0    0     0     0     0  100
22:47:07       1     0    0    0    0    0    0     0     0     0  100
22:47:07       2   100    0    0    0    0    0     0     0     0    0
22:47:07       3    98    0    1    0    0    0     0     0     0    0
22:47:07       4    99    0    0    0    0    0     0     0     0    0
22:47:07       5   100    0    0    0    0    0     0     0     0    0
22:47:07       6     1    0    0    0    0    0     0     0     0   99
22:47:07       7     0    1    0    0    0    0     0     0     0   99
22:47:08       0     0    0    1    0    0    0     0     0     0   98
22:47:08       1     1    0    1    0    0    0     0     0     0   98
22:47:08       2   100    0    0    0    0    0     0     0     0    0
22:47:08       3   100    0    0    0    0    0     0     0     0    0
22:47:08       4   100    0    0    0    0    0     0     0     0    0
22:47:08       5   100    0    0    0    0    0     0     0     0    0
22:47:08       6     1    0    1    0    0    0     0     0     0   98
22:47:08       7     0    0    1    1    0    0     0     0     0   98
22:47:09       0     0    0    0    0    0    0     0     0     0  100
22:47:09       1     0    0    0    0    0    0     0     0     0   98
22:47:09       2   100    0    0    0    0    0     0     0     0    0
22:47:09       3   100    0    0    0    0    0     0     0     0    0
22:47:09       4   100    0    0    0    0    0     0     0     0    0
22:47:09       5   100    0    0    0    0    0     0     0     0    0
22:47:09       6     2    0    0    0    0    0     0     0     0   98
22:47:09       7     1    0    0    0    0    0     0     0     0   98
22:47:10       0     1    0    0    0    0    0     0     0     0   99
22:47:10       1     1    0    0    0    0    0     0     0     0   99
22:47:10       2   100    0    0    0    0    0     0     0     0    0
22:47:10       3   100    0    0    0    0    0     0     0     0    0
22:47:10       4   100    0    0    0    0    0     0     0     0    0
22:47:10       5   100    0    0    0    0    0     0     0     0    0
22:47:10       6     0    0    1    0    0    0     0     0     0   99
22:47:10       7     0    0    0    0    0    0     0     0     0  100
22:47:11       0     0    0    0    0    0    0     0     0     0  100
22:47:11       1     2    0    0    0    0    0     0     0     0   97
22:47:11       2   100    0    0    0    0    0     0     0     0    0
22:47:11       3   100    0    0    0    0    0     0     0     0    0
22:47:11       4   100    0    0    0    0    0     0     0     0    0
22:47:11       5   100    0    0    0    0    0     0     0     0    0
22:47:11       6     0    0    0    0    0    0     0     0     0  100
22:47:11       7     2    0    0    0    0    0     0     0     0   97
22:47:12       0     1    0    0    0    0    0     0     0     0   98
22:47:12       1     0    0    1    0    0    0     0     0     0   99
22:47:12       2   100    0    0    0    0    0     0     0     0    0
22:47:12       3   100    0    0    0    0    0     0     0     0    0
22:47:12       4   100    0    0    0    0    0     0     0     0    0
22:47:12       5   100    0    0    0    0    0     0     0     0    0
22:47:12       6     1    0    0    0    0    0     0     0     0   98
22:47:12       7     1    0    0    0    0    0     0     0     0   96
22:47:13       0     0    0    1    0    0    0     0     0     0   97
22:47:13       1     0    0    2    0    0    0     0     0     0   98
22:47:13       2   100    0    0    0    0    0     0     0     0    0
22:47:13       3   100    0    0    0    0    0     0     0     0    0
22:47:13       4   100    0    0    0    0    0     0     0     0    0
22:47:13       5   100    0    0    0    0    0     0     0     0    0
22:47:13       6     0    0    0    0    0    0     0     0     0   97
22:47:13       7     1    1    0    1    0    0     0     0     0   97
22:47:14       0     1    0    1    0    0    0     0     0     0   98
22:47:14       1     1    0    0    0    0    0     0     0     0   99
22:47:14       2   100    0    0    0    0    0     0     0     0    0
22:47:14       3   100    0    0    0    0    0     0     0     0    0
22:47:14       4   100    0    0    0    0    0     0     0     0    0
22:47:14       5   100    0    0    0    0    0     0     0     0    0
22:47:14       6     1    0    0    0    0    0     0     0     0   98
22:47:14       7     1    0    0    1    0    0     0     0     0   98
22:47:15       0     1    1    2    0    0    0     0     0     0   96
22:47:15       1     0    0    0    0    0    0     0     0     0   98
22:47:15       2   100    0    0    0    0    0     0     0     0    0
22:47:15       3   100    0    0    0    0    0     0     0     0    0
22:47:15       4   100    0    0    0    0    0     0     0     0    0
22:47:15       5   100    0    0    0    0    0     0     0     0    0
22:47:15       6     1    0    0    0    0    0     0     0     0   98
22:47:15       7     1    0    3    1    0    0     0     0     0   95
22:47:16       0     1    0    0    0    0    0     0     0     0   98
22:47:16       1     1    0    1    0    0    0     0     0     0   98
22:47:16       2   100    0    0    0    0    0     0     0     0    0
22:47:16       3   100    0    0    0    0    0     0     0     0    0
22:47:16       4   100    0    0    0    0    0     0     0     0    0
22:47:16       5   100    0    0    0    0    0     0     0     0    0
22:47:16       6     1    0    0    0    0    0     0     0     0   98
22:47:16       7     1    0    0    0    0    0     0     0     0   99
22:47:17       0     1    0    1    0    0    0     0     0     0   98
22:47:17       1     0    0    0    0    0    0     0     0     0   98
22:47:17       2   100    0    0    0    0    0     0     0     0    0
22:47:17       3   100    0    0    0    0    0     0     0     0    0
22:47:17       4   100    0    0    0    0    0     0     0     0    0
22:47:17       5   100    0    0    0    0    0     0     0     0    0
22:47:17       6     0    1    1    0    0    0     0     0     0   98
22:47:17       7     0    0    0    0    0    0     0     0     0  100
22:47:18       0     2    0    1    0    0    0     0     0     0   97
22:47:18       1     1    0    1    0    0    0     0     0     0   98
22:47:18       2   100    0    0    0    0    0     0     0     0    0
22:47:18       3   100    0    0    0    0    0     0     0     0    0
22:47:18       4   100    0    0    0    0    0     0     0     0    0
22:47:18       5   100    0    0    0    0    0     0     0     0    0
22:47:18       6     1    0    0    0    0    0     0     0     0   98
22:47:18       7     0    1    0    0    0    0     0     0     0   98
22:47:19       0     4    0    0    1    0    0     0     0     0   95
22:47:19       1     4    0    0    0    0    0     0     0     0   96
22:47:19       2   100    0    0    0    0    0     0     0     0    0
22:47:19       3   100    0    0    0    0    0     0     0     0    0
22:47:19       4   100    0    0    0    0    0     0     0     0    0
22:47:19       5   100    0    0    0    0    0     0     0     0    0
22:47:19       6     1    0    1    0    0    0     0     0     0   97
22:47:19       7     4    0    0    0    0    0     0     0     0   95
22:47:20       0     0    0    0    0    0    0     0     0     0  100
22:47:20       1     0    0    0    0    0    0     0     0     0  100
22:47:20       2    96    0    3    0    0    0     0     0     0    0
22:47:20       3   100    0    0    0    0    0     0     0     0    0
22:47:20       4   100    0    0    0    0    0     0     0     0    0
22:47:20       5   100    0    0    0    0    0     0     0     0    0
22:47:20       6     0    0    0    0    0    0     0     0     0   97
22:47:20       7     1    0    0    0    0    0     0     0     0   99
22:47:21       0     0    0    0    0    0    0     0     0     0  100
22:47:21       1     1    1    0    0    0    0     0     0     0   98
22:47:21       2    75    0    3    0    0    0     0     0     0   19
22:47:21       3   100    0    0    0    0    0     0     0     0    0
22:47:21       4   100    0    0    0    0    0     0     0     0    0
22:47:21       5   100    0    0    0    0    0     0     0     0    0
22:47:21       6    20    0    0    0    0    0     0     0     0   79
22:47:21       7     1    0    0    0    0    0     0     0     0   99
22:47:22       0     1    0    0    0    0    0     0     0     0   98
22:47:22       1     1    0    0    0    0    0     0     0     0   99
22:47:22       2     1    0    1    0    0    0     0     0     0   98
22:47:22       3   100    0    0    0    0    0     0     0     0    0
22:47:22       4   100    0    0    0    0    0     0     0     0    0
22:47:22       5   100    0    0    0    0    0     0     0     0    0
22:47:22       6    96    0    3    1    0    0     0     0     0    0
22:47:22       7     1    0    0    0    0    0     0     0     0   98
22:47:23       0     2    0    0    0    0    0     0     0     0   96
22:47:23       1     0    0    1    0    0    0     0     0     0   98
22:47:23       2     0    0    0    0    0    0     0     0     0  100
22:47:23       3    48    0    0    0    0    0     0     0     0   50
22:47:23       4    48    0    0    0    0    0     0     0     0   51
22:47:23       5    50    0    1    0    0    0     0     0     0   49
22:47:23       6    76    0   24    0    0    0     0     0     0    0
22:47:23       7     0    0    1    0    0    0     0     0     0   99
22:47:24       0     1    0    0    1    0    0     0     0     0   98
22:47:24       1     0    0    0    0    0    0     0     0     0  100
22:47:24       2     0    0    0    0    0    0     0     0     0  100
22:47:24       3    99    0    1    0    0    0     0     0     0    0
22:47:24       4    99    0    0    0    0    0     0     0     0    0
22:47:24       5   100    0    0    0    0    0     0     0     0    0
22:47:24       6    94    0    6    0    0    0     0     0     0    0
22:47:24       7     0    0    0    0    0    0     0     0     0   98
22:47:25       0     0    0    0    0    0    0     0     0     0   98
22:47:25       1     0    0    0    0    0    0     0     0     0   97
22:47:25       2     0    1    3    0    0    0     0     0     0   96
22:47:25       3    22    0    1    0    0    0     0     0     0   77
22:47:25       4    21    0    0    0    0    0     0     0     0   79
22:47:25       5    23    0    0    0    0    0     0     0     0   77
22:47:25       6    49    0   51    0    0    0     0     0     0    0
22:47:25       7     0    0    1    0    0    0     0     0     0   98

# SINGLE CPU[HYPER] STATISTICS
#Time        Cpu  User Nice  Sys Wait IRQ  Soft Steal Guest NiceG Idle
22:47:26       0     1    1    0    0    0    0     0     0     0   97
22:47:26       1     1    0    0    0    0    0     0     0     0   98
22:47:26       2     1    0    0    0    0    0     0     0     0   98
22:47:26       3   100    0    0    0    0    0     0     0     0    0
22:47:26       4   100    0    0    0    0    0     0     0     0    0
22:47:26       5   100    0    0    0    0    0     0     0     0    0
22:47:26       6   100    0    0    0    0    0     0     0     0    0
22:47:26       7     0    0    0    0    0    0     0     0     0   98
22:47:27       0     4    0    0    0    0    0     0     0     0   96
22:47:27       1     0    0    0    0    0    0     0     0     0  100
22:47:27       2     0    0    0    0    0    0     0     0     0  100
22:47:27       3    32    0    0    0    0    0     0     0     0   67
22:47:27       4    29    0    0    0    0    0     0     0     0   71
22:47:27       5    34    0    0    0    0    0     0     0     0   66
22:47:27       6    52    0   48    0    0    0     0     0     0    0
22:47:27       7     0    0    1    0    0    0     0     0     0   99
22:47:28       0   100    0    0    0    0    0     0     0     0    0
22:47:28       1     1    0    0    0    0    0     0     0     0   98
22:47:28       2     0    0    1    0    0    0     0     0     0   99
22:47:28       3   100    0    0    0    0    0     0     0     0    0
22:47:28       4     0    0    0    0    0    0     0     0     0  100
22:47:28       5   100    0    0    0    0    0     0     0     0    0
22:47:28       6    98    0    2    0    0    0     0     0     0    0
22:47:28       7     1    0    0    0    0    0     0     0     0   99
22:47:29       0    40    0    1    0    0    0     0     0     0   59
22:47:29       1     0    0    0    0    0    0     0     0     0   98
22:47:29       2     0    0    0    0    0    0     0     0     0  100
22:47:29       3    40    0    0    0    0    0     0     0     0   60
22:47:29       4     0    0    0    0    0    0     0     0     0   98
22:47:29       5    41    0    0    0    0    0     0     0     0   58
22:47:29       6    53    0   47    0    0    0     0     0     0    0
22:47:29       7     0    0    0    1    0    0     0     0     0   98
22:47:30       0    89    0    0    0    0    0     0     0     0   10
22:47:30       1     5    0    0    0    0    0     0     0     0   94
22:47:30       2     1    0    0    0    0    0     0     0     0   97
22:47:30       3    89    0    0    0    0    0     0     0     0    9
22:47:30       4    13    1    2    0    0    0     0     0     0   83
22:47:30       5    88    0    0    0    0    0     0     0     0   10
22:47:30       6    95    0    5    0    0    0     0     0     0    0
22:47:30       7     1    0    0    0    0    0     0     0     0   98
22:47:31       0    60    0    1    0    0    0     0     0     0   38
22:47:31       1     2    0    0    0    0    0     0     0     0   97
22:47:31       2     0    0    1    0    0    0     0     0     0   98
22:47:31       3    55    0    0    0    0    0     0     0     0   43
22:47:31       4     7    0    1    0    0    0     0     0     0   91
22:47:31       5    58    0    0    0    0    0     0     0     0   41
22:47:31       6    67    0   33    0    0    0     0     0     0    0
22:47:31       7     0    1    1    0    0    0     0     0     0   97
22:47:32       0    60    0    0    0    0    0     0     0     0   38
22:47:32       1    13    0    2    0    0    0     0     0     0   85
22:47:32       2     3    0    2    0    0    0     0     0     0   95
22:47:32       3    61    0    0    0    0    0     0     0     0   38
22:47:32       4    15    0    2    0    0    0     0     0     0   82
22:47:32       5    61    0    0    0    0    0     0     0     0   38
22:47:32       6    78    0   20    0    0    0     0     0     0    0
22:47:32       7    10    0    1    0    0    0     0     0     0   88
22:47:33       0    88    0    1    0    0    0     0     0     0   10
22:47:33       1     4    1    0    0    0    0     0     0     0   95
22:47:33       2     1    0    1    0    0    0     0     0     0   97
22:47:33       3    89    0    0    0    0    0     0     0     0   11
22:47:33       4     1    0    1    0    0    0     0     0     0   96
22:47:33       5    90    0    0    0    0    0     0     0     0    8
22:47:33       6    86    0   13    0    0    0     0     0     0    0
22:47:33       7     1    0    2    0    0    0     0     0     0   96
22:47:34       0    44    0    0    0    0    0     0     0     0   56
22:47:34       1     0    0    0    1    0    0     0     0     0   98
22:47:34       2     1    0    0    0    0    0     0     0     0   99
22:47:34       3    44    0    0    0    0    0     0     0     0   56
22:47:34       4     0    0    0    1    0    0     0     0     0   99
22:47:34       5    44    0    0    0    0    0     0     0     0   55
22:47:34       6    67    0   32    0    0    0     0     0     0    0
22:47:34       7     0    1    0    0    0    0     0     0     0   99
22:47:35       0   100    0    0    0    0    0     0     0     0    0
22:47:35       1     1    0    1    0    0    0     0     0     0   98
22:47:35       2     4    0    0    0    0    0     0     0     0   94
22:47:35       3   100    0    0    0    0    0     0     0     0    0
22:47:35       4     0    0    2    0    0    0     0     0     0   95
22:47:35       5   100    0    0    0    0    0     0     0     0    0
22:47:35       6    93    0    7    0    0    0     0     0     0    0
22:47:35       7     2    0    2    0    0    0     0     0     0   95
22:47:36       0    34    0    0    0    0    0     0     0     0   65
22:47:36       1     0    0    1    0    0    0     0     0     0   98
22:47:36       2     0    0    0    0    0    0     0     0     0  100
22:47:36       3    33    0    0    0    0    0     0     0     0   65
22:47:36       4     1    0    1    0    0    0     0     0     0   97
22:47:36       5    34    0    0    0    0    0     0     0     0   66
22:47:36       6    65    0   35    0    0    0     0     0     0    0
22:47:36       7     1    0    0    0    0    0     0     0     0   99
22:47:37       0    99    0    1    0    0    0     0     0     0    0
22:47:37       1     0    0    0    0    0    0     0     0     0  100
22:47:37       2     0    1    0    0    0    0     0     0     0   99
22:47:37       3    99    0    1    0    0    0     0     0     0    0
22:47:37       4     1    0    0    0    0    0     0     0     0   99
22:47:37       5   100    0    0    0    0    0     0     0     0    0
22:47:37       6    98    0    1    0    0    0     0     0     0    0
22:47:37       7     0    0    0    0    0    0     0     0     0  100
22:47:38       0    33    0    0    0    0    0     0     0     0   66
22:47:38       1     0    0    0    0    0    0     0     0     0   97
22:47:38       2     0    0    1    0    0    0     0     0     0   98
22:47:38       3    34    0    0    0    0    0     0     0     0   66
22:47:38       4     2    0    0    0    0    0     0     0     0   98
22:47:38       5    35    0    0    0    0    0     0     0     0   64
22:47:38       6    56    0   43    0    0    0     0     0     0    0
22:47:38       7     0    0    0    0    0    0     0     0     0  100
22:47:39       0   100    0    0    0    0    0     0     0     0    0
22:47:39       1     1    1    0    1    0    0     0     0     0   97
22:47:39       2     0    0    0    0    0    0     0     0     0  100
22:47:39       3   100    0    0    0    0    0     0     0     0    0
22:47:39       4     2    0    0    0    0    0     0     0     0   97
22:47:39       5   100    0    0    0    0    0     0     0     0    0
22:47:39       6   100    0    0    0    0    0     0     0     0    0
22:47:39       7     1    0    0    0    0    0     0     0     0   98
22:47:40       0    42    0    2    0    0    0     0     0     0   56
22:47:40       1     1    0    0    0    0    0     0     0     0   99
22:47:40       2     1    0    0    0    0    0     0     0     0   99
22:47:40       3    43    0    1    0    0    0     0     0     0   56
22:47:40       4     1    0    0    0    0    0     0     0     0   98
22:47:40       5    44    0    0    0    0    0     0     0     0   54
22:47:40       6    61    0   39    0    0    0     0     0     0    0
22:47:40       7     0    0    0    0    0    0     0     0     0   98
22:47:41       0   100    0    0    0    0    0     0     0     0    0
22:47:41       1     0    0    1    0    0    0     0     0     0   98
22:47:41       2     0    0    0    0    0    0     0     0     0  100
22:47:41       3   100    0    0    0    0    0     0     0     0    0
22:47:41       4     2    0    0    0    0    0     0     0     0   97
22:47:41       5   100    0    0    0    0    0     0     0     0    0
22:47:41       6   100    0    0    0    0    0     0     0     0    0
22:47:41       7     1    0    0    0    0    0     0     0     0   98
22:47:42       0    39    0    0    0    0    0     0     0     0   60
22:47:42       1     1    0    1    0    0    0     0     0     0   98
22:47:42       2     1    0    1    0    0    0     0     0     0   98
22:47:42       3    40    0    0    0    0    0     0     0     0   60
22:47:42       4     1    0    0    0    0    0     0     0     0   98
22:47:42       5    42    0    0    0    0    0     0     0     0   57
22:47:42       6    59    0   40    1    0    0     0     0     0    0
22:47:42       7     0    0    0    0    0    0     0     0     0   98
22:47:43       0   100    0    0    0    0    0     0     0     0    0
22:47:43       1     1    0    0    0    0    0     0     0     0   99
22:47:43       2     0    0    0    0    0    0     0     0     0   98
22:47:43       3   100    0    0    0    0    0     0     0     0    0
22:47:43       4     0    0    0    0    0    0     0     0     0  100
22:47:43       5   100    0    0    0    0    0     0     0     0    0
22:47:43       6   100    0    0    0    0    0     0     0     0    0
22:47:43       7     0    1    0    0    0    0     0     0     0   98
22:47:44       0    63    0    5    0    0    0     0     0     0   32
22:47:44       1     6    0    3    0    0    0     0     0     0   91
22:47:44       2    13    0    8   12    0    0     0     0     0   65
22:47:44       3    60    0    4    0    0    0     0     0     0   35
22:47:44       4     9    0    5    0    0    0     0     0     0   84
22:47:44       5    61    0    4    0    0    0     0     0     0   33
22:47:44       6    40    0    8    1    0    0     0     0     0   49
22:47:44       7     8    0    4    7    0    0     0     0     0   80
22:47:45       0    13    3    2    0    0    0     0     0     0   82
22:47:45       1     4   38    0    0    0    0     0     0     0   58
22:47:45       2     1    0    2    0    0    0     0     0     0   97
22:47:45       3     0    0    0    0    0    0     0     0     0   97
22:47:45       4     2    0    1    0    0    0     0     0     0   96
22:47:45       5     3    4    3    0    0    0     0     0     0   89
22:47:45       6     1    0    1    0    0    0     0     0     0   97
22:47:45       7     2    0    2    0    0    0     0     0     0   95
22:47:46       0     4    0    2    0    0    0     0     0     0   93
22:47:46       1    14    0    2    0    0    0     0     0     0   83
22:47:46       2     5    0    1    0    0    0     0     0     0   93
22:47:46       3     1    0    1    0    0    0     0     0     0   97
22:47:46       4     0    0    0    0    0    0     0     0     0  100
22:47:46       5     6    0    0    0    0    0     0     0     0   92
22:47:46       6     3    0    1    0    0    0     0     0     0   96
22:47:46       7     1    5    1    0    0    0     0     0     0   92
22:47:47       0     3    0    0    0    0    0     0     0     0   96
22:47:47       1    14    0    0    0    0    0     0     0     0   83
22:47:47       2     1    0    0    0    0    0     0     0     0   98
22:47:47       3     0    0    0    0    0    0     0     0     0   98
22:47:47       4     3    0    1    0    0    0     0     0     0   96
22:47:47       5     1    0    0    0    0    0     0     0     0   98
22:47:47       6     0    1    1    0    0    0     0     0     0   98
22:47:47       7     4    0    1    0    0    0     0     0     0   93

# SINGLE CPU[HYPER] STATISTICS
#Time        Cpu  User Nice  Sys Wait IRQ  Soft Steal Guest NiceG Idle
22:47:48       0     1    0    0    0    0    0     0     0     0   99
22:47:48       1    23    0    2    0    0    0     0     0     0   73
22:47:48       2     4    0    2    0    0    0     0     0     0   92
22:47:48       3     0    0    0    0    0    0     0     0     0  100
22:47:48       4     0    0    0    0    0    0     0     0     0  100
22:47:48       5     1    0    1    0    0    0     0     0     0   98
22:47:48       6     1    0    0    0    0    0     0     0     0   98
22:47:48       7     3    0    2    0    0    0     0     0     0   93
22:47:49       0    13    0    2    0    0    0     0     0     0   83
22:47:49       1     8    0    3    0    0    0     0     0     0   88
22:47:49       2    17    0    2    0    0    0     0     0     0   79
22:47:49       3     1    0    1    0    0    0     0     0     0   96
22:47:49       4     0    0    1    0    0    0     0     0     0   99
22:47:49       5     1    0    0    0    0    0     0     0     0   99
22:47:49       6     0    0    2    0    0    0     0     0     0   98
22:47:49       7     6    0    2    0    0    1     0     0     0   90
22:47:50       0     2    0    0    0    0    0     0     0     0   97
22:47:50       1     3    0    1    0    0    0     0     0     0   95
22:47:50       2     2    0    0    0    0    0     0     0     0   96
22:47:50       3     1    1    2    1    0    0     0     0     0   95
22:47:50       4     2    0    1    0    0    0     0     0     0   97
22:47:50       5     1    1    0    0    0    0     0     0     0   95
22:47:50       6     2    0    0    0    0    0     0     0     0   97
22:47:50       7     1    0    0    0    0    0     0     0     0   98
Ouch!
