waiting for 1 second sample...

# SINGLE CPU[HYPER] STATISTICS
#Time        Cpu  User Nice  Sys Wait IRQ  Soft Steal Guest NiceG Idle
22:54:40       0     2    0    0    0    0    0     0     0     0   97
22:54:40       1     3    0    1    0    0    0     0     0     0   95
22:54:40       2    99    0    0    0    0    0     0     0     0    0
22:54:40       3    98    0    2    0    0    0     0     0     0    0
22:54:40       4   100    0    0    0    0    0     0     0     0    0
22:54:40       5   100    0    0    0    0    0     0     0     0    0
22:54:40       6     0    0    0    0    0    0     0     0     0  100
22:54:40       7     0    0    0    0    0    0     0     0     0  100
22:54:41       0     3    0    0    0    0    0     0     0     0   96
22:54:41       1     4    0    1    0    0    0     0     0     0   94
22:54:41       2   100    0    0    0    0    0     0     0     0    0
22:54:41       3    99    0    1    0    0    0     0     0     0    0
22:54:41       4    99    0    1    0    0    0     0     0     0    0
22:54:41       5   100    0    0    0    0    0     0     0     0    0
22:54:41       6    12    0    2    0    0    0     0     0     0   85
22:54:41       7     2    0    0    0    0    0     0     0     0   97
22:54:42       0     2    0    0    0    0    0     0     0     0   96
22:54:42       1     1    0    0    0    0    0     0     0     0   98
22:54:42       2   100    0    0    0    0    0     0     0     0    0
22:54:42       3    98    0    2    0    0    0     0     0     0    0
22:54:42       4    99    0    1    0    0    0     0     0     0    0
22:54:42       5   100    0    0    0    0    0     0     0     0    0
22:54:42       6     1    1    0    0    0    0     0     0     0   97
22:54:42       7     0    0    1    0    0    0     0     0     0   98
22:54:43       0     3    0    0    0    0    0     0     0     0   96
22:54:43       1     2    0    1    0    0    0     0     0     0   96
22:54:43       2   100    0    0    0    0    0     0     0     0    0
22:54:43       3    98    0    2    0    0    0     0     0     0    0
22:54:43       4   100    0    0    0    0    0     0     0     0    0
22:54:43       5   100    0    0    0    0    0     0     0     0    0
22:54:43       6     1    1    1    0    0    0     0     0     0   97
22:54:43       7     0    0    0    0    0    0     0     0     0  100
22:54:44       0     0    0    0    0    0    0     0     0     0  100
22:54:44       1     7    0    1    1    0    0     0     0     0   91
22:54:44       2    99    0    1    0    0    0     0     0     0    0
22:54:44       3    98    0    2    0    0    0     0     0     0    0
22:54:44       4   100    0    0    0    0    0     0     0     0    0
22:54:44       5   100    0    0    0    0    0     0     0     0    0
22:54:44       6     2    0    1    1    0    0     0     0     0   95
22:54:44       7     1    0    0    0    0    0     0     0     0   98
22:54:45       0     2    1    2    0    0    0     0     0     0   94
22:54:45       1     1    0    1    0    0    0     0     0     0   97
22:54:45       2   100    0    0    0    0    0     0     0     0    0
22:54:45       3    99    0    1    0    0    0     0     0     0    0
22:54:45       4    98    0    2    0    0    0     0     0     0    0
22:54:45       5   100    0    0    0    0    0     0     0     0    0
22:54:45       6     2    0    3    1    0    0     0     0     0   94
22:54:45       7    11    0    0    0    0    0     0     0     0   89
22:54:46       0    11    0    4    0    0    0     0     0     0   85
22:54:46       1    15    0    1    0    0    0     0     0     0   83
22:54:46       2    99    0    1    0    0    0     0     0     0    0
22:54:46       3    97    0    3    0    0    0     0     0     0    0
22:54:46       4   100    0    0    0    0    0     0     0     0    0
22:54:46       5    99    0    1    0    0    0     0     0     0    0
22:54:46       6    11    0    1    0    0    0     0     0     0   87
22:54:46       7     6    0    1    0    0    0     0     0     0   92
22:54:47       0     4    0    1    0    0    0     0     0     0   94
22:54:47       1     5    1    0    0    0    0     0     0     0   94
22:54:47       2   100    0    0    0    0    0     0     0     0    0
22:54:47       3    99    0    1    0    0    0     0     0     0    0
22:54:47       4    98    0    2    0    0    0     0     0     0    0
22:54:47       5   100    0    0    0    0    0     0     0     0    0
22:54:47       6     2    1    1    0    0    0     0     0     0   95
22:54:47       7     4    0    1    0    0    0     0     0     0   94
22:54:48       0     0   30    1    0    0    0     0     0     0   68
22:54:48       1     1    7    0    0    0    0     0     0     0   91
22:54:48       2    98    0    2    0    0    0     0     0     0    0
22:54:48       3    94    0    6    0    0    0     0     0     0    0
22:54:48       4    98    0    2    0    0    0     0     0     0    0
22:54:48       5    97    0    2    0    0    0     0     0     0    0
22:54:48       6     0    6    0    0    0    0     0     0     0   94
22:54:48       7     0    0    0    0    0    0     0     0     0  100
22:54:49       0     1    0    0    0    0    0     0     0     0   98
22:54:49       1     0   61    0    0    0    0     0     0     0   37
22:54:49       2    90    0    9    0    0    0     0     0     0    0
22:54:49       3    96    0    4    0    0    0     0     0     0    0
22:54:49       4    96    0    4    0    0    0     0     0     0    0
22:54:49       5    98    0    1    0    0    0     0     0     0    0
22:54:49       6     1    8    0    0    0    0     0     0     0   90
22:54:49       7     1    0    0    1    0    0     0     0     0   97
22:54:50       0     0    0    1    0    0    0     0     0     0   98
22:54:50       1     1    0    0    0    0    0     0     0     0   98
22:54:50       2    96    0    3    0    0    0     0     0     0    0
22:54:50       3    93    0    7    0    0    0     0     0     0    0
22:54:50       4    93    0    7    0    0    0     0     0     0    0
22:54:50       5    93    0    7    0    0    0     0     0     0    0
22:54:50       6     1    0    1    0    0    0     0     0     0   98
22:54:50       7     1    0    1    0    0    0     0     0     0   98
22:54:51       0     2    0    0    0    0    0     0     0     0   97
22:54:51       1     1    0    0    0    0    0     0     0     0   99
22:54:51       2    98    0    2    0    0    0     0     0     0    0
22:54:51       3    98    0    2    0    0    0     0     0     0    0
22:54:51       4    99    0    1    0    0    0     0     0     0    0
22:54:51       5    98    0    1    0    0    0     0     0     0    0
22:54:51       6     1    0    0    0    0    0     0     0     0   98
22:54:51       7     1    0    0    0    0    0     0     0     0   98
22:54:52       0     1    0    1    0    0    0     0     0     0   98
22:54:52       1     1    0    0    0    0    0     0     0     0   98
22:54:52       2   100    0    0    0    0    0     0     0     0    0
22:54:52       3   100    0    0    0    0    0     0     0     0    0
22:54:52       4   100    0    0    0    0    0     0     0     0    0
22:54:52       5   100    0    0    0    0    0     0     0     0    0
22:54:52       6     1    0    1    0    0    0     0     0     0   98
22:54:52       7     0    0    0    0    0    0     0     0     0  100
22:54:53       0     1    0    0    0    0    0     0     0     0   98
22:54:53       1     2    0    0    0    0    0     0     0     0   98
22:54:53       2   100    0    0    0    0    0     0     0     0    0
22:54:53       3   100    0    0    0    0    0     0     0     0    0
22:54:53       4   100    0    0    0    0    0     0     0     0    0
22:54:53       5   100    0    0    0    0    0     0     0     0    0
22:54:53       6     0    0    0    0    0    0     0     0     0   99
22:54:53       7     0    0    0    0    0    0     0     0     0  100
22:54:54       0     0    1    0    0    0    0     0     0     0   98
22:54:54       1     1    0    1    0    0    0     0     0     0   98
22:54:54       2   100    0    0    0    0    0     0     0     0    0
22:54:54       3   100    0    0    0    0    0     0     0     0    0
22:54:54       4    99    0    1    0    0    0     0     0     0    0
22:54:54       5    99    0    0    0    0    0     0     0     0    0
22:54:54       6     5    0    0    1    0    0     0     0     0   94
22:54:54       7     0    0    1    1    0    0     0     0     0   98
22:54:55       0     8    4    1    0    0    0     0     0     0   86
22:54:55       1    56    0    2    0    0    0     0     0     0   41
22:54:55       2    48   23    0    0    0    0     0     0     0   26
22:54:55       3    99    0    1    0    0    0     0     0     0    0
22:54:55       4    98    0    2    0    0    0     0     0     0    0
22:54:55       5    98    0    2    0    0    0     0     0     0    0
22:54:55       6     7   23    8    1    0    0     0     0     0   60
22:54:55       7    32    2    1    0    0    0     0     0     0   64
22:54:56       0     7    1    0    0    0    0     0     0     0   89
22:54:56       1    41    9    1    0    0    0     0     0     0   47
22:54:56       2    81    5    1    0    0    0     0     0     0   12
22:54:56       3    72    4    7    0    0    0     0     0     0   16
22:54:56       4    91    0    9    0    0    0     0     0     0    0
22:54:56       5   100    0    0    0    0    0     0     0     0    0
22:54:56       6     4    8    1    0    0    0     0     0     0   86
22:54:56       7     4   14    2    0    0    0     0     0     0   80
22:54:57       0     3    0    1    0    0    0     0     0     0   95
22:54:57       1     6    0    1    0    0    0     0     0     0   92
22:54:57       2   100    0    0    0    0    0     0     0     0    0
22:54:57       3   100    0    0    0    0    0     0     0     0    0
22:54:57       4    99    0    1    0    0    0     0     0     0    0
22:54:57       5    98    0    1    0    0    0     0     0     0    0
22:54:57       6     6    0    2    0    0    0     0     0     0   91
22:54:57       7     7    0    1    0    0    0     0     0     0   92
22:54:58       0     7    0    2    0    0    0     0     0     0   90
22:54:58       1     7    0    2    0    0    0     0     0     0   90
22:54:58       2    86    0    1    0    0    0     0     0     0   11
22:54:58       3    70    0    0    0    0    0     0     0     0   30
22:54:58       4    98    0    2    0    0    0     0     0     0    0
22:54:58       5    96    0    4    0    0    0     0     0     0    0
22:54:58       6    15    0    2    0    0    0     0     0     0   82
22:54:58       7    54    0    0    0    0    0     0     0     0   45
22:54:59       0     1    0    0    0    0    0     0     0     0   98
22:54:59       1     0    0    0    0    0    0     0     0     0  100
22:54:59       2   100    0    0    0    0    0     0     0     0    0
22:54:59       3     0    0    1    0    0    0     0     0     0   98
22:54:59       4    99    0    1    0    0    0     0     0     0    0
22:54:59       5    98    0    1    0    0    0     0     0     0    0
22:54:59       6     0    0    0    1    0    0     0     0     0   98
22:54:59       7    98    0    1    0    0    0     0     0     0    0
22:55:00       0     1    0    1    0    0    0     0     0     0   98
22:55:00       1     0    0    0    0    0    0     0     0     0   98
22:55:00       2   100    0    0    0    0    0     0     0     0    0
22:55:00       3     1    0    1    0    0    0     0     0     0   98
22:55:00       4   100    0    0    0    0    0     0     0     0    0
22:55:00       5   100    0    0    0    0    0     0     0     0    0
22:55:00       6     0    0    0    0    0    0     0     0     0   97
22:55:00       7   100    0    0    0    0    0     0     0     0    0
22:55:01       0     1    0    0    0    0    0     0     0     0   98
22:55:01       1     1    1    0    0    0    0     0     0     0   98
22:55:01       2    93    0    7    0    0    0     0     0     0    0
22:55:01       3    29    0    2    0    0    0     0     0     0   68
22:55:01       4    93    0    7    0    0    0     0     0     0    0
22:55:01       5    94    0    5    0    0    0     0     0     0    0
22:55:01       6     0    0    0    0    0    0     0     0     0  100
22:55:01       7   100    0    0    0    0    0     0     0     0    0

# SINGLE CPU[HYPER] STATISTICS
#Time        Cpu  User Nice  Sys Wait IRQ  Soft Steal Guest NiceG Idle
22:55:02       0     1    0    0    0    0    0     0     0     0   98
22:55:02       1     2    0    0    0    0    0     0     0     0   98
22:55:02       2   100    0    0    0    0    0     0     0     0    0
22:55:02       3     0    0    0    0    0    0     0     0     0   97
22:55:02       4    99    0    1    0    0    0     0     0     0    0
22:55:02       5    99    0    1    0    0    0     0     0     0    0
22:55:02       6     0    0    1    0    0    0     0     0     0   99
22:55:02       7   100    0    0    0    0    0     0     0     0    0
22:55:03       0     0    0    2    0    0    0     0     0     0   97
22:55:03       1     3    0    0    0    0    0     0     0     0   96
22:55:03       2   100    0    0    0    0    0     0     0     0    0
22:55:03       3     0    1    0    0    0    0     0     0     0   98
22:55:03       4   100    0    0    0    0    0     0     0     0    0
22:55:03       5   100    0    0    0    0    0     0     0     0    0
22:55:03       6     1    0    1    0    0    0     0     0     0   97
22:55:03       7   100    0    0    0    0    0     0     0     0    0
22:55:04       0     1    0    0    1    0    0     0     0     0   97
22:55:04       1     2    0    1    1    0    0     0     0     0   96
22:55:04       2   100    0    0    0    0    0     0     0     0    0
22:55:04       3     1    0    0    0    0    0     0     0     0   97
22:55:04       4   100    0    0    0    0    0     0     0     0    0
22:55:04       5   100    0    0    0    0    0     0     0     0    0
22:55:04       6     0    1    1    0    0    0     0     0     0   95
22:55:04       7   100    0    0    0    0    0     0     0     0    0
22:55:05       0     3    0    3    0    0    0     0     0     0   93
22:55:05       1     6    0    6    0    0    0     0     0     0   88
22:55:05       2   100    0    0    0    0    0     0     0     0    0
22:55:05       3    11    0    1    0    0    0     0     0     0   87
22:55:05       4   100    0    0    0    0    0     0     0     0    0
22:55:05       5   100    0    0    0    0    0     0     0     0    0
22:55:05       6     3    0    4    0    0    0     0     0     0   92
22:55:05       7   100    0    0    0    0    0     0     0     0    0
22:55:06       0     1    0    1    0    0    0     0     0     0   97
22:55:06       1     3    1    3    0    0    0     0     0     0   92
22:55:06       2   100    0    0    0    0    0     0     0     0    0
22:55:06       3     2    0    1    0    0    0     0     0     0   95
22:55:06       4   100    0    0    0    0    0     0     0     0    0
22:55:06       5   100    0    0    0    0    0     0     0     0    0
22:55:06       6     3    2    1    0    0    0     0     0     0   93
22:55:06       7   100    0    0    0    0    0     0     0     0    0
22:55:07       0     2    8    0    0    0    0     0     0     0   90
22:55:07       1     1    9    0    1    0    0     0     0     0   88
22:55:07       2   100    0    0    0    0    0     0     0     0    0
22:55:07       3     0   16    1    0    0    0     0     0     0   82
22:55:07       4   100    0    0    0    0    0     0     0     0    0
22:55:07       5   100    0    0    0    0    0     0     0     0    0
22:55:07       6     1   12    2    0    0    0     0     0     0   85
22:55:07       7   100    0    0    0    0    0     0     0     0    0
22:55:08       0     1   10    1    0    0    0     0     0     0   88
22:55:08       1     3   14    0    0    0    0     0     0     0   80
22:55:08       2   100    0    0    0    0    0     0     0     0    0
22:55:08       3     1   52    3    0    0    0     0     0     0   43
22:55:08       4   100    0    0    0    0    0     0     0     0    0
22:55:08       5   100    0    0    0    0    0     0     0     0    0
22:55:08       6     2   21    1    0    0    0     0     0     0   75
22:55:08       7   100    0    0    0    0    0     0     0     0    0
22:55:09       0     0   22    1    0    0    0     0     0     0   76
22:55:09       1     2   21    1    0    0    0     0     0     0   76
22:55:09       2   100    0    0    0    0    0     0     0     0    0
22:55:09       3     1   40    1    0    0    0     0     0     0   57
22:55:09       4   100    0    0    0    0    0     0     0     0    0
22:55:09       5   100    0    0    0    0    0     0     0     0    0
22:55:09       6     0   15    0    0    0    0     0     0     0   83
22:55:09       7   100    0    0    0    0    0     0     0     0    0
22:55:10       0     1    0    1    0    0    0     0     0     0   97
22:55:10       1     2    0    1    0    0    0     0     0     0   96
22:55:10       2   100    0    0    0    0    0     0     0     0    0
22:55:10       3     1    1    0    0    0    0     0     0     0   97
22:55:10       4   100    0    0    0    0    0     0     0     0    0
22:55:10       5    99    0    1    0    0    0     0     0     0    0
22:55:10       6     2    1    1    0    0    0     0     0     0   96
22:55:10       7   100    0    0    0    0    0     0     0     0    0
22:55:11       0     4    0    1    0    0    0     0     0     0   93
22:55:11       1     2    0    2    0    0    0     0     0     0   95
22:55:11       2   100    0    0    0    0    0     0     0     0    0
22:55:11       3     4    0    3    0    0    0     0     0     0   92
22:55:11       4   100    0    0    0    0    0     0     0     0    0
22:55:11       5   100    0    0    0    0    0     0     0     0    0
22:55:11       6     1    1    1    0    0    0     0     0     0   96
22:55:11       7   100    0    0    0    0    0     0     0     0    0
22:55:12       0     0    1    1    1    0    0     0     0     0   96
22:55:12       1     1    0    0    0    0    0     0     0     0   98
22:55:12       2   100    0    0    0    0    0     0     0     0    0
22:55:12       3     2    0    0    0    0    0     0     0     0   97
22:55:12       4   100    0    0    0    0    0     0     0     0    0
22:55:12       5   100    0    0    0    0    0     0     0     0    0
22:55:12       6     1    0    0    0    0    0     0     0     0   98
22:55:12       7   100    0    0    0    0    0     0     0     0    0
22:55:13       0     1    0    0    0    0    0     0     0     0   97
22:55:13       1     1    0    1    0    0    0     0     0     0   98
22:55:13       2   100    0    0    0    0    0     0     0     0    0
22:55:13       3     1    0    1    0    0    0     0     0     0   98
22:55:13       4   100    0    0    0    0    0     0     0     0    0
22:55:13       5   100    0    0    0    0    0     0     0     0    0
22:55:13       6     1    0    0    0    0    0     0     0     0   98
22:55:13       7   100    0    0    0    0    0     0     0     0    0
22:55:14       0     1    1    0    0    0    0     0     0     0   97
22:55:14       1     2    0    0    0    0    0     0     0     0   97
22:55:14       2   100    0    0    0    0    0     0     0     0    0
22:55:14       3     2    1    1    0    0    0     0     0     0   96
22:55:14       4   100    0    0    0    0    0     0     0     0    0
22:55:14       5   100    0    0    0    0    0     0     0     0    0
22:55:14       6     1    0    0    0    0    0     0     0     0   98
22:55:14       7   100    0    0    0    0    0     0     0     0    0
22:55:15       0     3    0    3    0    0    0     0     0     0   93
22:55:15       1     7    1    4    0    0    0     0     0     0   87
22:55:15       2    99    0    1    0    0    0     0     0     0    0
22:55:15       3     2    0    6    0    0    0     0     0     0   91
22:55:15       4    99    0    1    0    0    0     0     0     0    0
22:55:15       5   100    0    0    0    0    0     0     0     0    0
22:55:15       6    11    0    4    0    0    0     0     0     0   83
22:55:15       7   100    0    0    0    0    0     0     0     0    0
22:55:16       0     4    1    3    0    0    0     0     0     0   89
22:55:16       1     9    0    1    1    0    0     0     0     0   88
22:55:16       2   100    0    0    0    0    0     0     0     0    0
22:55:16       3     8    0    2    0    0    0     0     0     0   88
22:55:16       4    99    0    1    0    0    0     0     0     0    0
22:55:16       5   100    0    0    0    0    0     0     0     0    0
22:55:16       6     4    0    2    0    0    0     0     0     0   93
22:55:16       7   100    0    0    0    0    0     0     0     0    0
22:55:17       0     2    0    1    1    0    0     0     0     0   95
22:55:17       1     1    1    2    0    0    0     0     0     0   95
22:55:17       2    99    0    1    0    0    0     0     0     0    0
22:55:17       3     1    0    1    0    0    0     0     0     0   97
22:55:17       4    99    0    1    0    0    0     0     0     0    0
22:55:17       5    99    0    0    0    0    0     0     0     0    0
22:55:17       6     1    0    1    0    0    0     0     0     0   97
22:55:17       7    99    0    0    0    0    0     0     0     0    0
22:55:18       0     7    1    1    0    0    0     0     0     0   90
22:55:18       1     9    0    1    0    0    0     0     0     0   90
22:55:18       2   100    0    0    0    0    0     0     0     0    0
22:55:18       3     3    1    2    0    0    0     0     0     0   93
22:55:18       4   100    0    0    0    0    0     0     0     0    0
22:55:18       5   100    0    0    0    0    0     0     0     0    0
22:55:18       6     6    0    1    0    0    0     0     0     0   93
22:55:18       7   100    0    0    0    0    0     0     0     0    0
22:55:19       0     1    1    2    0    0    0     0     0     0   96
22:55:19       1     2    0    1    0    0    0     0     0     0   96
22:55:19       2   100    0    0    0    0    0     0     0     0    0
22:55:19       3     1    0    0    0    0    0     0     0     0   98
22:55:19       4   100    0    0    0    0    0     0     0     0    0
22:55:19       5   100    0    0    0    0    0     0     0     0    0
22:55:19       6     0    0    1    0    0    0     0     0     0   98
22:55:19       7   100    0    0    0    0    0     0     0     0    0
22:55:20       0     1    0    2    0    0    0     0     0     0   96
22:55:20       1     2    0    1    0    0    0     0     0     0   96
22:55:20       2   100    0    0    0    0    0     0     0     0    0
22:55:20       3     1    0    1    0    0    0     0     0     0   97
22:55:20       4   100    0    0    0    0    0     0     0     0    0
22:55:20       5   100    0    0    0    0    0     0     0     0    0
22:55:20       6     1    0    2    0    0    0     0     0     0   97
22:55:20       7   100    0    0    0    0    0     0     0     0    0
22:55:21       0     3    0    2    0    0    0     0     0     0   94
22:55:21       1     2    0    4    0    0    0     0     0     0   94
22:55:21       2   100    0    0    0    0    0     0     0     0    0
22:55:21       3     4    0    1    0    0    0     0     0     0   94
22:55:21       4   100    0    0    0    0    0     0     0     0    0
22:55:21       5   100    0    0    0    0    0     0     0     0    0
22:55:21       6     3    1    2    0    0    0     0     0     0   94
22:55:21       7   100    0    0    0    0    0     0     0     0    0
22:55:22       0     0    0    1    0    0    0     0     0     0   98
22:55:22       1     2    0    1    0    0    0     0     0     0   95
22:55:22       2   100    0    0    0    0    0     0     0     0    0
22:55:22       3     2    0    1    0    0    0     0     0     0   96
22:55:22       4   100    0    0    0    0    0     0     0     0    0
22:55:22       5    99    0    1    0    0    0     0     0     0    0
22:55:22       6     0    2    0    0    0    0     0     0     0   97
22:55:22       7   100    0    0    0    0    0     0     0     0    0
22:55:23       0     3    1    1    0    0    0     0     0     0   94
22:55:23       1     5    0    2    0    0    0     0     0     0   93
22:55:23       2   100    0    0    0    0    0     0     0     0    0
22:55:23       3     1    0    2    0    0    0     0     0     0   97
22:55:23       4   100    0    0    0    0    0     0     0     0    0
22:55:23       5   100    0    0    0    0    0     0     0     0    0
22:55:23       6     0    0    1    0    0    0     0     0     0   98
22:55:23       7   100    0    0    0    0    0     0     0     0    0

# SINGLE CPU[HYPER] STATISTICS
#Time        Cpu  User Nice  Sys Wait IRQ  Soft Steal Guest NiceG Idle
22:55:24       0     2    1    0    0    0    0     0     0     0   96
22:55:24       1     1    0    0    0    0    0     0     0     0   98
22:55:24       2   100    0    0    0    0    0     0     0     0    0
22:55:24       3     2    0    1    0    0    0     0     0     0   96
22:55:24       4   100    0    0    0    0    0     0     0     0    0
22:55:24       5   100    0    0    0    0    0     0     0     0    0
22:55:24       6     2    0    1    0    0    0     0     0     0   96
22:55:24       7   100    0    0    0    0    0     0     0     0    0
22:55:25       0     1    0    5    0    0    0     0     0     0   93
22:55:25       1     2    0    2    0    0    0     0     0     0   95
22:55:25       2   100    0    0    0    0    0     0     0     0    0
22:55:25       3     2    0    6    0    0    0     0     0     0   90
22:55:25       4   100    0    0    0    0    0     0     0     0    0
22:55:25       5   100    0    0    0    0    0     0     0     0    0
22:55:25       6     1    0    0    0    0    0     0     0     0   98
22:55:25       7   100    0    0    0    0    0     0     0     0    0
22:55:26       0     7    0    0    0    0    0     0     0     0   92
22:55:26       1     1    0    2    0    0    0     0     0     0   96
22:55:26       2    99    0    1    0    0    0     0     0     0    0
22:55:26       3     2    1    2    0    0    0     0     0     0   94
22:55:26       4   100    0    0    0    0    0     0     0     0    0
22:55:26       5   100    0    0    0    0    0     0     0     0    0
22:55:26       6     2    0    1    0    0    0     0     0     0   96
22:55:26       7   100    0    0    0    0    0     0     0     0    0
22:55:27       0     0    1    2    0    0    0     0     0     0   96
22:55:27       1     2    0    1    0    0    0     0     0     0   95
22:55:27       2   100    0    0    0    0    0     0     0     0    0
22:55:27       3     0    0    3    0    0    0     0     0     0   96
22:55:27       4   100    0    0    0    0    0     0     0     0    0
22:55:27       5   100    0    0    0    0    0     0     0     0    0
22:55:27       6     1    1    1    0    0    0     0     0     0   97
22:55:27       7    99    0    0    0    0    0     0     0     0    0
22:55:28       0     2    0    0    0    0    0     0     0     0   97
22:55:28       1     0    0    0    0    0    0     0     0     0   98
22:55:28       2    98    0    2    0    0    0     0     0     0    0
22:55:28       3     0    0    0    0    0    0     0     0     0  100
22:55:28       4    99    0    1    0    0    0     0     0     0    0
22:55:28       5    98    0    1    0    0    0     0     0     0    0
22:55:28       6     0    0    0    0    0    0     0     0     0  100
22:55:28       7    94    0    4    1    0    0     0     0     0    0
22:55:29       0     1    0    0    0    0    0     0     0     0   99
22:55:29       1     0    0    0    0    0    0     0     0     0  100
22:55:29       2    68    0    0    0    0    0     0     0     0   31
22:55:29       3     0    0    0    0    0    0     0     0     0  100
22:55:29       4    68    0    0    0    0    0     0     0     0   32
22:55:29       5    66    0    2    0    0    0     0     0     0   32
22:55:29       6     1    0    0    0    0    0     0     0     0   99
22:55:29       7    88    0   12    0    0    0     0     0     0    0
22:55:30       0     0    1    1    0    0    0     0     0     0   98
22:55:30       1     1    0    0    0    0    0     0     0     0   98
22:55:30       2   100    0    0    0    0    0     0     0     0    0
22:55:30       3     1    0    0    0    0    0     0     0     0   99
22:55:30       4    99    0    1    0    0    0     0     0     0    0
22:55:30       5   100    0    0    0    0    0     0     0     0    0
22:55:30       6     0    0    1    0    0    0     0     0     0   98
22:55:30       7   100    0    0    0    0    0     0     0     0    0
22:55:31       0     1    0    1    0    0    0     0     0     0   98
22:55:31       1     0    0    0    0    0    0     0     0     0   98
22:55:31       2   100    0    0    0    0    0     0     0     0    0
22:55:31       3     1    0    1    0    0    0     0     0     0   96
22:55:31       4   100    0    0    0    0    0     0     0     0    0
22:55:31       5   100    0    0    0    0    0     0     0     0    0
22:55:31       6     0    0    0    0    0    0     0     0     0  100
22:55:31       7   100    0    0    0    0    0     0     0     0    0
22:55:32       0     0    0    0    0    0    0     0     0     0  100
22:55:32       1     0    0    0    0    0    0     0     0     0  100
22:55:32       2   100    0    0    0    0    0     0     0     0    0
22:55:32       3     1    0    0    0    0    0     0     0     0   99
22:55:32       4   100    0    0    0    0    0     0     0     0    0
22:55:32       5   100    0    0    0    0    0     0     0     0    0
22:55:32       6     0    0    0    0    0    0     0     0     0  100
22:55:32       7   100    0    0    0    0    0     0     0     0    0
22:55:33       0     0    0    0    1    0    0     0     0     0   98
22:55:33       1     1    0    0    0    0    0     0     0     0   98
22:55:33       2   100    0    0    0    0    0     0     0     0    0
22:55:33       3     0    0    0    0    0    0     0     0     0  100
22:55:33       4   100    0    0    0    0    0     0     0     0    0
22:55:33       5   100    0    0    0    0    0     0     0     0    0
22:55:33       6     1    0    0    0    0    0     0     0     0   99
22:55:33       7   100    0    0    0    0    0     0     0     0    0
22:55:34       0     0    0    1    0    0    0     0     0     0   99
22:55:34       1     1    0    0    0    0    0     0     0     0   99
22:55:34       2   100    0    0    0    0    0     0     0     0    0
22:55:34       3     0    0    1    0    0    0     0     0     0   99
22:55:34       4   100    0    0    0    0    0     0     0     0    0
22:55:34       5   100    0    0    0    0    0     0     0     0    0
22:55:34       6     0    1    0    0    0    0     0     0     0   99
22:55:34       7   100    0    0    0    0    0     0     0     0    0
22:55:35       0     1    0    2    0    0    0     0     0     0   96
22:55:35       1     1    0    0    0    0    0     0     0     0   97
22:55:35       2   100    0    0    0    0    0     0     0     0    0
22:55:35       3     0    0    2    0    0    0     0     0     0   96
22:55:35       4   100    0    0    0    0    0     0     0     0    0
22:55:35       5   100    0    0    0    0    0     0     0     0    0
22:55:35       6     0    0    1    0    0    0     0     0     0   98
22:55:35       7   100    0    0    0    0    0     0     0     0    0
22:55:36       0     1    0    0    0    0    0     0     0     0   99
22:55:36       1     0    0    0    0    0    0     0     0     0  100
22:55:36       2   100    0    0    0    0    0     0     0     0    0
22:55:36       3     1    1    0    0    0    0     0     0     0   98
22:55:36       4   100    0    0    0    0    0     0     0     0    0
22:55:36       5   100    0    0    0    0    0     0     0     0    0
22:55:36       6     0    0    1    0    0    0     0     0     0   99
22:55:36       7   100    0    0    0    0    0     0     0     0    0
22:55:37       0     0    0    1    0    0    0     0     0     0   98
22:55:37       1     0    0    0    1    0    0     0     0     0   98
22:55:37       2   100    0    0    0    0    0     0     0     0    0
22:55:37       3     0    0    0    0    0    0     0     0     0  100
22:55:37       4   100    0    0    0    0    0     0     0     0    0
22:55:37       5   100    0    0    0    0    0     0     0     0    0
22:55:37       6     0    0    0    0    0    0     0     0     0   99
22:55:37       7   100    0    0    0    0    0     0     0     0    0
22:55:38       0    15    0    0    0    0    0     0     0     0   85
22:55:38       1     0    1    1    0    0    0     0     0     0   98
22:55:38       2   100    0    0    0    0    0     0     0     0    0
22:55:38       3    12    0    0    1    0    0     0     0     0   87
22:55:38       4    75    0    0    0    0    0     0     0     0   24
22:55:38       5   100    0    0    0    0    0     0     0     0    0
22:55:38       6     0    0    0    0    0    0     0     0     0  100
22:55:38       7   100    0    0    0    0    0     0     0     0    0
22:55:39       0   100    0    0    0    0    0     0     0     0    0
22:55:39       1     0    0    0    0    0    0     0     0     0   98
22:55:39       2   100    0    0    0    0    0     0     0     0    0
22:55:39       3     0    0    0    0    0    0     0     0     0  100
22:55:39       4     1    0    0    0    0    0     0     0     0   99
22:55:39       5   100    0    0    0    0    0     0     0     0    0
22:55:39       6     1    0    0    0    0    0     0     0     0   98
22:55:39       7   100    0    0    0    0    0     0     0     0    0
22:55:40       0   100    0    0    0    0    0     0     0     0    0
22:55:40       1     1    0    0    0    0    0     0     0     0   98
22:55:40       2   100    0    0    0    0    0     0     0     0    0
22:55:40       3     1    0    1    0    0    0     0     0     0   98
22:55:40       4     0    0    1    0    0    0     0     0     0   99
22:55:40       5   100    0    0    0    0    0     0     0     0    0
22:55:40       6     0    0    1    0    0    0     0     0     0   99
22:55:40       7   100    0    0    0    0    0     0     0     0    0
22:55:41       0   100    0    0    0    0    0     0     0     0    0
22:55:41       1     1    0    0    0    0    0     0     0     0   98
22:55:41       2   100    0    0    0    0    0     0     0     0    0
22:55:41       3     1    0    0    0    0    0     0     0     0   97
22:55:41       4     0    0    1    0    0    0     0     0     0   98
22:55:41       5   100    0    0    0    0    0     0     0     0    0
22:55:41       6     3    0    0    0    0    0     0     0     0   97
22:55:41       7   100    0    0    0    0    0     0     0     0    0
22:55:42       0   100    0    0    0    0    0     0     0     0    0
22:55:42       1     0    0    0    0    0    0     0     0     0  100
22:55:42       2   100    0    0    0    0    0     0     0     0    0
22:55:42       3     0    0    0    0    0    0     0     0     0  100
22:55:42       4     1    0    0    0    0    0     0     0     0   99
22:55:42       5   100    0    0    0    0    0     0     0     0    0
22:55:42       6     1    0    0    0    0    0     0     0     0   98
22:55:42       7   100    0    0    0    0    0     0     0     0    0
22:55:43       0   100    0    0    0    0    0     0     0     0    0
22:55:43       1     1    0    1    0    0    0     0     0     0   98
22:55:43       2   100    0    0    0    0    0     0     0     0    0
22:55:43       3     1    0    0    1    0    0     0     0     0   98
22:55:43       4     1    0    0    0    0    0     0     0     0   97
22:55:43       5   100    0    0    0    0    0     0     0     0    0
22:55:43       6     0    0    1    0    0    0     0     0     0   99
22:55:43       7    97    0    3    0    0    0     0     0     0    0
22:55:44       0   100    0    0    0    0    0     0     0     0    0
22:55:44       1     1    0    0    0    0    0     0     0     0   98
22:55:44       2   100    0    0    0    0    0     0     0     0    0
22:55:44       3     0    0    0    0    0    0     0     0     0  100
22:55:44       4     1    0    0    0    0    0     0     0     0   98
22:55:44       5   100    0    0    0    0    0     0     0     0    0
22:55:44       6     2    0    0    0    0    0     0     0     0   98
22:55:44       7    97    0    3    0    0    0     0     0     0    0
22:55:45       0   100    0    0    0    0    0     0     0     0    0
22:55:45       1     0    0    1    0    0    0     0     0     0   98
22:55:45       2    99    0    1    0    0    0     0     0     0    0
22:55:45       3     1    0    0    0    0    0     0     0     0   99
22:55:45       4     0    0    2    0    0    0     0     0     0   97
22:55:45       5   100    0    0    0    0    0     0     0     0    0
22:55:45       6     1    0    1    0    0    0     0     0     0   97
22:55:45       7    98    0    2    0    0    0     0     0     0    0

# SINGLE CPU[HYPER] STATISTICS
#Time        Cpu  User Nice  Sys Wait IRQ  Soft Steal Guest NiceG Idle
22:55:46       0    42    0    1    0    0    0     0     0     0   57
22:55:46       1     0    0    0    0    0    0     0     0     0  100
22:55:46       2    44    0    0    0    0    0     0     0     0   55
22:55:46       3     0    0    0    0    0    0     0     0     0  100
22:55:46       4     0    0    0    0    0    0     0     0     0  100
22:55:46       5    41    0    1    0    0    0     0     0     0   58
22:55:46       6     0    0    0    0    0    0     0     0     0  100
22:55:46       7    64    0   36    0    0    0     0     0     0    0
22:55:47       0    94    0    0    0    0    0     0     0     0    6
22:55:47       1     0    0    0    0    0    0     0     0     0   97
22:55:47       2    64    0    0    0    0    0     0     0     0   36
22:55:47       3     1    0    1    0    0    0     0     0     0   98
22:55:47       4     1    0    1    0    0    0     0     0     0   98
22:55:47       5   100    0    0    0    0    0     0     0     0    0
22:55:47       6    42    0    0    0    0    0     0     0     0   56
22:55:47       7   100    0    0    0    0    0     0     0     0    0
22:55:48       0    24    0    0    0    0    0     0     0     0   75
22:55:48       1     0    0    1    0    0    0     0     0     0   99
22:55:48       2     0    1    0    0    0    0     0     0     0   99
22:55:48       3     0    0    0    0    0    0     0     0     0   99
22:55:48       4     0    0    0    2    0    0     0     0     0   97
22:55:48       5    20    0    1    0    0    0     0     0     0   79
22:55:48       6    23    0    0    0    0    0     0     0     0   76
22:55:48       7    45    0   55    0    0    0     0     0     0    0
22:55:49       0    81    0    1    0    0    0     0     0     0   18
22:55:49       1     4    0    0    0    0    0     0     0     0   95
22:55:49       2    22    0    1    0    0    0     0     0     0   76
22:55:49       3     7    0    1    0    0    0     0     0     0   91
22:55:49       4     4    0    1    0    0    0     0     0     0   94
22:55:49       5    98    0    1    0    0    1     0     0     0    0
22:55:49       6    99    0    1    0    0    0     0     0     0    0
22:55:49       7    98    0    2    0    0    0     0     0     0    0
22:55:50       0    58    0    1    0    0    0     0     0     0   41
22:55:50       1     1    0    1    0    0    0     0     0     0   98
22:55:50       2    24    0   38    0    0    0     0     0     0   37
22:55:50       3     1    1    0    0    0    0     0     0     0   98
22:55:50       4     6    0    1    0    0    0     0     0     0   92
22:55:50       5    48    0    1    0    0    0     0     0     0   51
22:55:50       6    57    0    0    0    0    0     0     0     0   43
22:55:50       7    41    0    1    0    0    0     0     0     0   58
22:55:51       0     9    0    0    0    0    0     0     0     0   90
22:55:51       1     3    0    1    0    0    0     0     0     0   95
22:55:51       2     1    0    8    0    0    0     0     0     0   90
22:55:51       3    49    0    1    0    0    0     0     0     0   50
22:55:51       4    73    0   18    0    0    0     0     0     0    9
22:55:51       5    57    1    0    0    0    0     0     0     0   41
22:55:51       6    58    0    0    0    0    0     0     0     0   42
22:55:51       7     6    0    3    1    0    0     0     0     0   89
22:55:52       0     7    0    2    0    0    0     0     0     0   90
22:55:52       1     9    0    1    0    0    0     0     0     0   89
22:55:52       2    11    0    3    0    0    0     0     0     0   85
22:55:52       3    97    0    0    0    0    0     0     0     0    3
22:55:52       4    86    0   13    0    0    0     0     0     0    0
22:55:52       5    91    0    0    0    0    0     0     0     0    7
22:55:52       6    92    0    1    0    0    0     0     0     0    7
22:55:52       7    17    1    3    0    0    0     0     0     0   78
22:55:53       0    11    0    1    0    0    0     0     0     0   87
22:55:53       1     1    0    1    1    0    0     0     0     0   96
22:55:53       2     1    0    1    0    0    0     0     0     0   98
22:55:53       3    20    0    0    0    0    0     0     0     0   78
22:55:53       4    48    0   51    0    0    0     0     0     0    0
22:55:53       5    20    0    0    0    0    0     0     0     0   80
22:55:53       6    19    0    0    0    0    0     0     0     0   80
22:55:53       7     1    0    1    0    0    0     0     0     0   98
22:55:54       0     1    0    1    0    0    0     0     0     0   97
22:55:54       1     5    0    1    0    0    0     0     0     0   93
22:55:54       2     3    0    1    0    0    0     0     0     0   95
22:55:54       3   100    0    0    0    0    0     0     0     0    0
22:55:54       4   100    0    0    0    0    0     0     0     0    0
22:55:54       5   100    0    0    0    0    0     0     0     0    0
22:55:54       6   100    0    0    0    0    0     0     0     0    0
22:55:54       7     2    0    1    0    0    0     0     0     0   96
22:55:55       0     1    0    1    0    0    0     0     0     0   98
22:55:55       1    10    0    3    0    0    0     0     0     0   86
22:55:55       2     0    0    1    0    0    0     0     0     0   99
22:55:55       3    27    0    1    0    0    0     0     0     0   71
22:55:55       4    50    0   50    0    0    0     0     0     0    0
22:55:55       5    28    0    1    0    0    0     0     0     0   70
22:55:55       6    26    0    2    0    0    0     0     0     0   72
22:55:55       7     1    0    3    0    0    0     0     0     0   94
22:55:56       0     0    0    1    0    0    0     0     0     0   98
22:55:56       1     2    1    1    1    0    0     0     0     0   95
22:55:56       2     5    0    0    0    0    0     0     0     0   94
22:55:56       3    94    0    0    0    0    0     0     0     0    5
22:55:56       4    98    0    2    0    0    0     0     0     0    0
22:55:56       5    94    0    0    0    0    0     0     0     0    6
22:55:56       6    94    0    0    0    0    0     0     0     0    5
22:55:56       7     1    0    1    0    0    0     0     0     0   98
22:55:57       0     0    0    0    0    0    0     0     0     0  100
22:55:57       1     1    0    0    0    0    0     0     0     0   99
22:55:57       2     3    0    0    0    0    0     0     0     0   96
22:55:57       3    60    0    2    0    0    0     0     0     0   38
22:55:57       4    55    0   45    0    0    0     0     0     0    0
22:55:57       5    60    0    2    0    0    0     0     0     0   37
22:55:57       6    54    0    0    0    0    0     0     0     0   46
22:55:57       7     7    0    2    0    0    0     0     0     0   90
22:55:58       0     2    0    0    0    0    0     0     0     0   95
22:55:58       1     0    0    1    1    0    0     0     0     0   97
22:55:58       2     1    1    0    0    0    0     0     0     0   98
22:55:58       3    67    0    0    0    0    0     0     0     0   32
22:55:58       4    85    0   15    0    0    0     0     0     0    0
22:55:58       5    69    0    0    0    0    0     0     0     0   29
22:55:58       6    68    0    1    0    0    0     0     0     0   31
22:55:58       7     1    0    0    0    0    0     0     0     0   98
22:55:59       0     1    0    1    0    0    0     0     0     0   97
22:55:59       1     7    0    1    0    0    0     0     0     0   91
22:55:59       2     1    0    0    0    0    0     0     0     0   98
22:55:59       3    78    0    0    0    0    0     0     0     0   20
22:55:59       4    77    0   23    0    0    0     0     0     0    0
22:55:59       5    80    0    0    0    0    0     0     0     0   20
22:55:59       6    78    0    1    0    0    0     0     0     0   20
22:55:59       7     2    0    1    0    0    0     0     0     0   96
22:56:00       0     7    0    1    0    0    0     0     0     0   91
22:56:00       1     3    0    0    0    0    0     0     0     0   96
22:56:00       2     1    1    1    0    0    0     0     0     0   97
22:56:00       3    46    0    0    0    0    0     0     0     0   53
22:56:00       4    69    0   31    0    0    0     0     0     0    0
22:56:00       5    47    0    0    0    0    0     0     0     0   53
22:56:00       6    47    0    0    0    0    0     0     0     0   53
22:56:00       7     0    0    1    0    0    0     0     0     0   98
22:56:01       0    11    0    2    0    0    0     0     0     0   86
22:56:01       1     5    0    1    0    0    0     0     0     0   93
22:56:01       2     6    0    2    0    0    0     0     0     0   91
22:56:01       3    96    0    0    0    0    0     0     0     0    3
22:56:01       4    98    0    2    0    0    0     0     0     0    0
22:56:01       5    99    0    1    0    0    0     0     0     0    0
22:56:01       6    99    0    1    0    0    0     0     0     0    0
22:56:01       7    31    0    1    0    0    0     0     0     0   67
22:56:02       0     9    1    3    0    0    0     0     0     0   87
22:56:02       1     0    0    0    0    0    0     0     0     0  100
22:56:02       2    19    0    0    0    0    0     0     0     0   80
22:56:02       3     9    0    0    0    0    0     0     0     0   90
22:56:02       4    55    0   45    0    0    0     0     0     0    0
22:56:02       5    16    0    0    0    0    0     0     0     0   83
22:56:02       6    14    0    0    0    0    0     0     0     0   85
22:56:02       7     2    0    3    0    0    0     0     0     0   92
22:56:03       0     1    1    1    0    0    0     0     0     0   96
22:56:03       1    10    0    2    0    0    0     0     0     0   88
22:56:03       2    15    0    1    0    0    0     0     0     0   83
22:56:03       3    89    0    0    1    0    0     0     0     0   10
22:56:03       4   100    0    0    0    0    0     0     0     0    0
22:56:03       5   100    0    0    0    0    0     0     0     0    0
22:56:03       6   100    0    0    0    0    0     0     0     0    0
22:56:03       7     6    0    0    0    0    0     0     0     0   93
22:56:04       0     1    0    0    0    0    0     0     0     0   97
22:56:04       1     1    0    1    0    0    0     0     0     0   97
22:56:04       2     3    0    1    0    0    0     0     0     0   95
22:56:04       3    47    0    0    0    0    0     0     0     0   52
22:56:04       4    55    0   45    0    0    0     0     0     0    0
22:56:04       5    38    0    0    0    0    0     0     0     0   61
22:56:04       6    44    0    1    0    0    0     0     0     0   55
22:56:04       7     9    0    2    0    0    0     0     0     0   88
22:56:05       0     2    0    1    0    0    0     0     0     0   96
22:56:05       1     2    0    1    0    0    0     0     0     0   96
22:56:05       2     5    0    0    0    0    0     0     0     0   94
22:56:05       3    81    0    0    0    0    0     0     0     0   18
22:56:05       4    94    0    6    0    0    0     0     0     0    0
22:56:05       5    81    0    1    0    0    0     0     0     0   18
22:56:05       6    81    0    0    0    0    0     0     0     0   19
22:56:05       7     2    0    1    0    0    0     0     0     0   96
22:56:06       0     3    0    1    0    0    0     0     0     0   95
22:56:06       1     1    0    0    0    0    0     0     0     0   98
22:56:06       2     3    0    0    0    0    0     0     0     0   96
22:56:06       3    67    0    1    0    0    0     0     0     0   30
22:56:06       4    76    0   24    0    0    0     0     0     0    0
22:56:06       5    66    0    1    0    0    0     0     0     0   33
22:56:06       6    69    0    2    0    0    0     0     0     0   29
22:56:06       7     1    0    1    0    0    1     0     0     0   97
22:56:07       0     2    0    1    0    0    0     0     0     0   96
22:56:07       1     2    0    0    0    0    0     0     0     0   96
22:56:07       2     2    0    2    0    0    0     0     0     0   95
22:56:07       3    63    0    0    0    0    0     0     0     0   36
22:56:07       4    82    0   18    0    0    0     0     0     0    0
22:56:07       5    63    0    0    0    0    0     0     0     0   36
22:56:07       6    64    0    0    0    0    0     0     0     0   36
22:56:07       7     5    0    1    0    0    0     0     0     0   93

# SINGLE CPU[HYPER] STATISTICS
#Time        Cpu  User Nice  Sys Wait IRQ  Soft Steal Guest NiceG Idle
22:56:08       0     4    0    1    0    0    0     0     0     0   94
22:56:08       1     8    0    2    1    0    0     0     0     0   88
22:56:08       2     2    0    0    0    0    0     0     0     0   96
22:56:08       3    99    0    1    0    0    0     0     0     0    0
22:56:08       4    95    0    5    0    0    0     0     0     0    0
22:56:08       5   100    0    0    0    0    0     0     0     0    0
22:56:08       6   100    0    0    0    0    0     0     0     0    0
22:56:08       7     4    0    2    1    0    0     0     0     0   92
22:56:09       0     5    1    3    0    0    0     0     0     0   90
22:56:09       1    11    9    7    0    0    0     0     0     0   72
22:56:09       2     6    2    2    0    0    0     0     0     0   89
22:56:09       3    18    3    5    0    0    0     0     0     0   73
22:56:09       4    12    0    5    2    0    0     0     0     0   80
22:56:09       5    24   19    5    0    0    0     0     0     0   50
22:56:09       6    16    1    7    1    0    0     0     0     0   75
22:56:09       7     8    3    3    0    0    0     0     0     0   85
22:56:10       0     3    0    0    0    0    0     0     0     0   95
22:56:10       1    13    0    3    0    0    0     0     0     0   83
22:56:10       2     6    0    2    0    0    0     0     0     0   92
22:56:10       3    10    0    1    0    0    0     0     0     0   88
22:56:10       4     4    0    1    0    0    0     0     0     0   94
22:56:10       5     1   15    0    0    0    0     0     0     0   83
22:56:10       6     5    0    2    0    0    0     0     0     0   92
22:56:10       7     1    4    0    0    0    0     0     0     0   94
22:56:11       0     2    0    3    0    0    0     0     0     0   95
22:56:11       1    20    0    2    0    0    0     0     0     0   77
22:56:11       2     3    0    0    0    0    0     0     0     0   96
22:56:11       3     1    0    0    0    0    0     0     0     0   98
22:56:11       4     2    0    3    0    0    0     0     0     0   95
22:56:11       5     0    0    0    0    0    0     0     0     0   98
22:56:11       6     2    0    1    0    0    0     0     0     0   96
22:56:11       7     5    1    2    0    0    0     0     0     0   91
22:56:12       0     1    0    0    0    0    0     0     0     0   99
22:56:12       1    12    0    1    0    0    0     0     0     0   86
22:56:12       2    11    0    1    0    0    0     0     0     0   87
22:56:12       3     3    0    1    0    0    0     0     0     0   95
22:56:12       4     8    0    2    0    0    0     0     0     0   89
22:56:12       5     0    0    0    0    0    0     0     0     0  100
22:56:12       6     0    0    0    0    0    0     0     0     0  100
22:56:12       7     0    0    0    0    0    0     0     0     0  100
22:56:13       0     2    0    1    0    0    0     0     0     0   97
22:56:13       1     4    0    4    0    0    0     0     0     0   91
22:56:13       2     1    0    1    0    0    0     0     0     0   97
22:56:13       3    20    0    3    0    0    0     0     0     0   77
22:56:13       4    13    0    2    0    0    0     0     0     0   84
22:56:13       5     1    1    1    0    0    0     0     0     0   96
22:56:13       6     1    0    0    0    0    0     0     0     0   98
22:56:13       7     1    0    0    0    0    0     0     0     0   98
22:56:14       0    12    0    4    0    0    0     0     0     0   83
22:56:14       1     1    0    3    0    0    0     0     0     0   95
22:56:14       2     1    0    1    0    0    0     0     0     0   97
22:56:14       3     4    0    2    0    0    0     0     0     0   93
22:56:14       4     6    0    1    1    0    0     0     0     0   91
22:56:14       5     3    0    4    0    0    0     0     0     0   92
22:56:14       6     1    0    1    0    0    0     0     0     0   97
22:56:14       7     1    0    1    0    0    0     0     0     0   97
22:56:15       0     1    0    0    0    0    0     0     0     0   98
22:56:15       1     1    0    1    0    0    0     0     0     0   97
22:56:15       2     0    0    0    0    0    0     0     0     0  100
22:56:15       3     3    0    0    0    0    0     0     0     0   97
22:56:15       4     0    0    0    0    0    0     0     0     0  100
22:56:15       5     0    1    0    0    0    0     0     0     0   98
22:56:15       6     0    0    2    0    0    0     0     0     0   97
22:56:15       7     1    0    2    0    0    0     0     0     0   95
22:56:16       0     0    1    0    0    0    0     0     0     0   99
22:56:16       1     0    0    0    0    0    0     0     0     0  100
22:56:16       2     0    4    0    0    0    0     0     0     0   93
22:56:16       3     0    0    0    0    0    0     0     0     0  100
22:56:16       4     0    0    0    0    0    0     0     0     0  100
22:56:16       5     0    3    1    0    0    0     0     0     0   96
22:56:16       6     1    5    0    0    0    0     0     0     0   93
22:56:16       7     1   13    0    0    0    0     0     0     0   84
22:56:17       0     3    0    0    0    0    0     0     0     0   97
22:56:17       1     3    0    1    0    0    0     0     0     0   96
22:56:17       2     3    3    1    0    0    0     0     0     0   93
22:56:17       3     2    0    1    0    0    0     0     0     0   96
22:56:17       4     1    1    0    0    0    0     0     0     0   97
22:56:17       5     1    1    1    0    0    0     0     0     0   97
22:56:17       6     0   16    0    0    0    0     0     0     0   82
22:56:17       7     0    0    0    0    0    1     0     0     0   98
22:56:18       0     7    0    1    0    0    0     0     0     0   90
22:56:18       1    12    0    1    0    0    0     0     0     0   87
22:56:18       2     2    0    0    0    0    0     0     0     0   96
22:56:18       3     0    1    0    0    0    0     0     0     0   99
22:56:18       4     0    0    0    0    0    0     0     0     0  100
22:56:18       5     8    0    1    0    0    0     0     0     0   91
22:56:18       6     2    8    0    0    0    0     0     0     0   89
22:56:18       7    10    0    2    0    0    0     0     0     0   87
Ouch!
