waiting for 1 second sample...

# SINGLE CPU[HYPER] STATISTICS
#Time        Cpu  User Nice  Sys Wait IRQ  Soft Steal Guest NiceG Idle
22:28:23       0    98    0    1    0    0    0     0     0     0    0
22:28:23       1     1    0    1    0    0    0     0     0     0   97
22:28:23       2   100    0    0    0    0    0     0     0     0    0
22:28:23       3     3    0    1    0    0    0     0     0     0   96
22:28:23       4     4    1    1    0    0    0     0     0     0   93
22:28:23       5     1    0    2    1    0    0     0     0     0   96
22:28:23       6     5    0    2    0    0    0     0     0     0   93
22:28:23       7     4    0    1    0    0    0     0     0     0   94
22:28:24       0    98    0    1    0    0    0     0     0     0    0
22:28:24       1     3   22    1    0    0    0     0     0     0   73
22:28:24       2   100    0    0    0    0    0     0     0     0    0
22:28:24       3     9    2    0    0    0    0     0     0     0   86
22:28:24       4     3    0    1    0    0    0     0     0     0   94
22:28:24       5     1    0    0    0    0    0     0     0     0   98
22:28:24       6     8    0    3    0    0    0     0     0     0   87
22:28:24       7     7    9    2    0    0    0     0     0     0   81
22:28:25       0    58    0    2    0    0    0     0     0     0   38
22:28:25       1    12    0    3    0    0    0     0     0     0   85
22:28:25       2   100    0    0    0    0    0     0     0     0    0
22:28:25       3     4    0    2    0    0    0     0     0     0   93
22:28:25       4    44    0    2    0    0    0     0     0     0   53
22:28:25       5     3    0    3    0    0    0     0     0     0   94
22:28:25       6    11    0    3    0    0    0     0     0     0   85
22:28:25       7     3    0    1    0    0    1     0     0     0   94
22:28:26       0    18    0    4    0    0    0     0     0     0   77
22:28:26       1     6    0    1    0    0    0     0     0     0   92
22:28:26       2    98    0    2    0    0    0     0     0     0    0
22:28:26       3     6    0    1    0    0    0     0     0     0   92
22:28:26       4    99    0    1    0    0    0     0     0     0    0
22:28:26       5    28    0    0    0    0    0     0     0     0   71
22:28:26       6     7    0    1    0    0    0     0     0     0   90
22:28:26       7     3    0    1    0    0    0     0     0     0   95
22:28:27       0     5    0    3    0    0    0     0     0     0   91
22:28:27       1    29    0    0    0    0    0     0     0     0   70
22:28:27       2   100    0    0    0    0    0     0     0     0    0
22:28:27       3     5    0    1    0    0    0     0     0     0   94
22:28:27       4    99    0    0    0    0    0     0     0     0    0
22:28:27       5    14    0    2    0    0    0     0     0     0   84
22:28:27       6     4    0    0    0    0    0     0     0     0   95
22:28:27       7     0    0    0    0    0    0     0     0     0  100
22:28:28       0     0    0    0    0    0    0     0     0     0  100
22:28:28       1     1    0    1    0    0    0     0     0     0   98
22:28:28       2    71    0    0    0    0    0     0     0     0   29
22:28:28       3    30    0    1    0    0    0     0     0     0   69
22:28:28       4    99    0    1    0    0    0     0     0     0    0
22:28:28       5     0    0    0    1    0    0     0     0     0   98
22:28:28       6     7    0    1    0    0    0     0     0     0   92
22:28:28       7     1    0    0    0    0    0     0     0     0   97
22:28:29       0     6    0    0    0    0    0     0     0     0   93
22:28:29       1    43    0    0    0    0    0     0     0     0   57
22:28:29       2     9    0    1    0    0    0     0     0     0   89
22:28:29       3    57    0    0    0    0    0     0     0     0   42
22:28:29       4    98    0    1    0    0    0     0     0     0    0
22:28:29       5     1    0    1    0    0    0     0     0     0   97
22:28:29       6     4    0    0    0    0    0     0     0     0   95
22:28:29       7    11    0    1    0    0    0     0     0     0   88
22:28:30       0     0    0    1    0    0    0     0     0     0   99
22:28:30       1   100    0    0    0    0    0     0     0     0    0
22:28:30       2     0    1    0    0    0    0     0     0     0   99
22:28:30       3     0    0    0    0    0    0     0     0     0   99
22:28:30       4    99    0    0    0    0    0     0     0     0    0
22:28:30       5     0    0    0    0    0    0     0     0     0  100
22:28:30       6     0    0    0    0    0    0     0     0     0   99
22:28:30       7     0    0    0    0    0    0     0     0     0  100
22:28:31       0     3    0    0    0    0    0     0     0     0   96
22:28:31       1    99    0    1    0    0    0     0     0     0    0
22:28:31       2     0    0    0    0    0    0     0     0     0  100
22:28:31       3     2    0    0    1    0    0     0     0     0   97
22:28:31       4   100    0    0    0    0    0     0     0     0    0
22:28:31       5     0    0    0    4    0    0     0     0     0   96
22:28:31       6     0    0    0    0    0    0     0     0     0  100
22:28:31       7     0    0    0    0    0    0     0     0     0  100
22:28:32       0     0    0    0    0    0    0     0     0     0  100
22:28:32       1   100    0    0    0    0    0     0     0     0    0
22:28:32       2     0    0    0    0    0    0     0     0     0   99
22:28:32       3     0    0    1    0    0    0     0     0     0   99
22:28:32       4    99    0    1    0    0    0     0     0     0    0
22:28:32       5     0    0    0    0    0    0     0     0     0  100
22:28:32       6     0    0    1    0    0    0     0     0     0   99
22:28:32       7     0    0    0    0    0    0     0     0     0   99
22:28:33       0     3    0    1    0    0    0     0     0     0   96
22:28:33       1   100    0    0    0    0    0     0     0     0    0
22:28:33       2     2    0    0    0    0    0     0     0     0   96
22:28:33       3     2    0    0    0    0    0     0     0     0   98
22:28:33       4    99    0    0    0    0    0     0     0     0    0
22:28:33       5     0    0    0    0    0    0     0     0     0   98
22:28:33       6     2    0    0    0    0    0     0     0     0   98
22:28:33       7     2    0    0    0    0    0     0     0     0   97
22:28:34       0     0    0    1    0    0    0     0     0     0   99
22:28:34       1    94    0    6    0    0    0     0     0     0    0
22:28:34       2     1    0    0    0    0    0     0     0     0   99
22:28:34       3     0    0    0    0    0    0     0     0     0  100
22:28:34       4    93    0    6    0    0    0     0     0     0    0
22:28:34       5     1    0    0    0    0    0     0     0     0   99
22:28:34       6     0    1    1    0    0    0     0     0     0   97
22:28:34       7     0    0    0    0    0    0     0     0     0  100
22:28:35       0     1    0    0    0    0    0     0     0     0   98
22:28:35       1    99    0    1    0    0    0     0     0     0    0
22:28:35       2     0    0    0    0    0    0     0     0     0  100
22:28:35       3     0    0    0    0    0    0     0     0     0  100
22:28:35       4    99    0    1    0    0    0     0     0     0    0
22:28:35       5     2    0    1    0    0    0     0     0     0   97
22:28:35       6     0    0    0    0    0    0     0     0     0  100
22:28:35       7     0    0    2    0    0    0     0     0     0   97
22:28:36       0     0    0    0    0    0    0     0     0     0  100
22:28:36       1   100    0    0    0    0    0     0     0     0    0
22:28:36       2     0    0    0    0    0    0     0     0     0  100
22:28:36       3     0    0    1    0    0    0     0     0     0   99
22:28:36       4   100    0    0    0    0    0     0     0     0    0
22:28:36       5     0    0    0    0    0    0     0     0     0  100
22:28:36       6     0    0    0    0    0    0     0     0     0  100
22:28:36       7     0    0    0    0    0    0     0     0     0  100
22:28:37       0     0    0    0    0    0    0     0     0     0  100
22:28:37       1    99    0    1    0    0    0     0     0     0    0
22:28:37       2     0    0    0    0    0    0     0     0     0   99
22:28:37       3     0    0    0    0    0    0     0     0     0  100
22:28:37       4    99    0    0    0    0    0     0     0     0    0
22:28:37       5     0    0    0    0    0    0     0     0     0   98
22:28:37       6     0    0    0    1    0    0     0     0     0   99
22:28:37       7     0    0    0    1    0    0     0     0     0   98
22:28:38       0     2    0    1    1    0    0     0     0     0   96
22:28:38       1    99    0    1    0    0    0     0     0     0    0
22:28:38       2     1    0    0    0    0    0     0     0     0   99
22:28:38       3     1    0    0    0    0    0     0     0     0   99
22:28:38       4   100    0    0    0    0    0     0     0     0    0
22:28:38       5     0    0    0    0    0    0     0     0     0  100
22:28:38       6     4    0    0    0    0    0     0     0     0   94
22:28:38       7     1    0    0    0    0    0     0     0     0   99
22:28:39       0    12    8    1    0    0    0     0     0     0   76
22:28:39       1   100    0    0    0    0    0     0     0     0    0
22:28:39       2     2   22    2    1    0    0     0     0     0   72
22:28:39       3     2    9    1    0    0    0     0     0     0   88
22:28:39       4   100    0    0    0    0    0     0     0     0    0
22:28:39       5     8    9    1    0    0    0     0     0     0   82
22:28:39       6    18    9    1    0    0    0     0     0     0   71
22:28:39       7     0   17    2    0    0    0     0     0     0   77
22:28:40       0     2    4    0    0    0    0     0     0     0   94
22:28:40       1    98    0    2    0    0    0     0     0     0    0
22:28:40       2     1    0    0    0    0    0     0     0     0   98
22:28:40       3     0    0    0    0    0    0     0     0     0   98
22:28:40       4   100    0    0    0    0    0     0     0     0    0
22:28:40       5     1    0    0    0    0    0     0     0     0   99
22:28:40       6     0    4    1    0    0    0     0     0     0   95
22:28:40       7     0    0    0    0    0    0     0     0     0  100
22:28:41       0     1    0    0    0    0    0     0     0     0   99
22:28:41       1   100    0    0    0    0    0     0     0     0    0
22:28:41       2     0    0    0    0    0    0     0     0     0  100
22:28:41       3     1    0    0    0    0    0     0     0     0   99
22:28:41       4   100    0    0    0    0    0     0     0     0    0
22:28:41       5     0    0    0    0    0    0     0     0     0   98
22:28:41       6     0    0    0    0    0    0     0     0     0  100
22:28:41       7     0    0    0    0    0    0     0     0     0  100
22:28:42       0     1    0    0    0    0    0     0     0     0   98
22:28:42       1    99    0    1    0    0    0     0     0     0    0
22:28:42       2     0    0    0    0    0    0     0     0     0  100
22:28:42       3     0    0    1    1    0    0     0     0     0   97
22:28:42       4   100    0    0    0    0    0     0     0     0    0
22:28:42       5     1    0    0    0    0    0     0     0     0   99
22:28:42       6     6    0    1    0    0    0     0     0     0   92
22:28:42       7     0    0    0    0    0    0     0     0     0   99
22:28:43       0     3    0    0    0    0    0     0     0     0   96
22:28:43       1    99    0    1    0    0    0     0     0     0    0
22:28:43       2     0    0    0    0    0    0     0     0     0   98
22:28:43       3     0    0    0    0    0    0     0     0     0  100
22:28:43       4   100    0    0    0    0    0     0     0     0    0
22:28:43       5     0    0    0    1    0    0     0     0     0   98
22:28:43       6     1    0    0    0    0    0     0     0     0   97
22:28:43       7     0    0    0    0    0    0     0     0     0  100
22:28:44       0     0    0    0    0    0    0     0     0     0   98
22:28:44       1    99    0    1    0    0    0     0     0     0    0
22:28:44       2     0    0    0    1    0    0     0     0     0   98
22:28:44       3     1    0    0    0    0    0     0     0     0   99
22:28:44       4   100    0    0    0    0    0     0     0     0    0
22:28:44       5     0    0    0    0    0    0     0     0     0  100
22:28:44       6     0    0    0    0    0    0     0     0     0  100
22:28:44       7     1    0    0    0    0    0     0     0     0   99

# SINGLE CPU[HYPER] STATISTICS
#Time        Cpu  User Nice  Sys Wait IRQ  Soft Steal Guest NiceG Idle
22:28:45       0     0    0    0    0    0    0     0     0     0  100
22:28:45       1   100    0    0    0    0    0     0     0     0    0
22:28:45       2     0    0    1    0    0    0     0     0     0   99
22:28:45       3     0    0    0    0    0    0     0     0     0   99
22:28:45       4   100    0    0    0    0    0     0     0     0    0
22:28:45       5     1    0    1    0    0    0     0     0     0   97
22:28:45       6     1    0    0    0    0    0     0     0     0   98
22:28:45       7     0    0    0    0    0    0     0     0     0  100
22:28:46       0     0    0    0    0    0    0     0     0     0  100
22:28:46       1    99    0    1    0    0    0     0     0     0    0
22:28:46       2     0    0    0    0    0    0     0     0     0   97
22:28:46       3     0    0    0    0    0    0     0     0     0  100
22:28:46       4   100    0    0    0    0    0     0     0     0    0
22:28:46       5     0    0    0    0    0    0     0     0     0   99
22:28:46       6     0    0    0    0    0    0     0     0     0  100
22:28:46       7     0    0    0    0    0    0     0     0     0   99
22:28:47       0     0    0    1    0    0    0     0     0     0   99
22:28:47       1   100    0    0    0    0    0     0     0     0    0
22:28:47       2     0    0    0    0    0    0     0     0     0   99
22:28:47       3     0    0    0    0    0    0     0     0     0  100
22:28:47       4   100    0    0    0    0    0     0     0     0    0
22:28:47       5     0    0    0    0    0    0     0     0     0  100
22:28:47       6     1    0    0    0    0    0     0     0     0   99
22:28:47       7     1    0    0    0    0    0     0     0     0   99
22:28:48       0     3    0    0    0    0    0     0     0     0   97
22:28:48       1   100    0    0    0    0    0     0     0     0    0
22:28:48       2     5    0    0    0    0    0     0     0     0   94
22:28:48       3     0    0    0    0    0    0     0     0     0   99
22:28:48       4    92    0    0    0    0    0     0     0     0    8
22:28:48       5     0    0    0    0    0    0     0     0     0   99
22:28:48       6     0    0    0    0    0    0     0     0     0  100
22:28:48       7     0    0    1    1    0    0     0     0     0   98
22:28:49       0     0    0    1    0    0    0     0     0     0   99
22:28:49       1    99    0    1    0    0    0     0     0     0    0
22:28:49       2   100    0    0    0    0    0     0     0     0    0
22:28:49       3     0    0    0    0    0    0     0     0     0  100
22:28:49       4     1    0    0    0    0    0     0     0     0   99
22:28:49       5     0    0    0    0    0    0     0     0     0  100
22:28:49       6     0    0    0    0    0    0     0     0     0  100
22:28:49       7     0    0    0    1    0    0     0     0     0   98
22:28:50       0     0    0    0    0    0    0     0     0     0  100
22:28:50       1    99    0    1    0    0    0     0     0     0    0
22:28:50       2   100    0    0    0    0    0     0     0     0    0
22:28:50       3     1    0    0    0    0    0     0     0     0   99
22:28:50       4     0    0    0    0    0    0     0     0     0  100
22:28:50       5     0    0    0    0    0    0     0     0     0   99
22:28:50       6     0    0    1    0    0    0     0     0     0   98
22:28:50       7     0    0    0    0    0    0     0     0     0  100
22:28:51       0     0   10    0    0    0    0     0     0     0   88
22:28:51       1   100    0    0    0    0    0     0     0     0    0
22:28:51       2    99    0    1    0    0    0     0     0     0    0
22:28:51       3     0   17    0    0    0    0     0     0     0   80
22:28:51       4     0    1    0    0    0    0     0     0     0   98
22:28:51       5     0    0    0    0    0    0     0     0     0  100
22:28:51       6     0    0    0    0    0    0     0     0     0  100
22:28:51       7     0    4    0    0    0    0     0     0     0   96
22:28:52       0     0    0    0    0    0    0     0     0     0   98
22:28:52       1   100    0    0    0    0    0     0     0     0    0
22:28:52       2   100    0    0    0    0    0     0     0     0    0
22:28:52       3     0    0    0    0    0    0     0     0     0  100
22:28:52       4     1    0    0    0    0    0     0     0     0   99
22:28:52       5     0    0    0    0    0    0     0     0     0  100
22:28:52       6     0    0    0    0    0    0     0     0     0   99
22:28:52       7     1    0    0    0    0    0     0     0     0   99
22:28:53       0     0    0    0    0    0    0     0     0     0  100
22:28:53       1   100    0    0    0    0    0     0     0     0    0
22:28:53       2   100    0    0    0    0    0     0     0     0    0
22:28:53       3     3    0    0    0    0    0     0     0     0   94
22:28:53       4     0    0    0    0    0    0     0     0     0  100
22:28:53       5     0    0    0    0    0    0     0     0     0  100
22:28:53       6     0    0    0    0    0    0     0     0     0  100
22:28:53       7     0    0    0    0    0    0     0     0     0  100
22:28:54       0     1    0    0    0    0    0     0     0     0   99
22:28:54       1   100    0    0    0    0    0     0     0     0    0
22:28:54       2   100    0    0    0    0    0     0     0     0    0
22:28:54       3     0    0    0    0    0    0     0     0     0  100
22:28:54       4     0    0    0    0    0    0     0     0     0  100
22:28:54       5     0    0    0    0    0    0     0     0     0  100
22:28:54       6     1    0    0    0    0    0     0     0     0   99
22:28:54       7     0    0    1    1    0    0     0     0     0   98
22:28:55       0     1    0    1    0    0    0     0     0     0   97
22:28:55       1   100    0    0    0    0    0     0     0     0    0
22:28:55       2   100    0    0    0    0    0     0     0     0    0
22:28:55       3     1    0    1    0    0    0     0     0     0   97
22:28:55       4     0    0    2    0    0    0     0     0     0   98
22:28:55       5     1    0    0    0    0    0     0     0     0   98
22:28:55       6     1    0    0    0    0    0     0     0     0   97
22:28:55       7     1    0    1    0    0    0     0     0     0   98
22:28:56       0     0    1    0    0    0    0     0     0     0   98
22:28:56       1   100    0    0    0    0    0     0     0     0    0
22:28:56       2   100    0    0    0    0    0     0     0     0    0
22:28:56       3     1    0    0    0    0    0     0     0     0   99
22:28:56       4     1    0    0    0    0    0     0     0     0   99
22:28:56       5     1    0    0    0    0    0     0     0     0   99
22:28:56       6     1    0    0    1    0    0     0     0     0   98
22:28:56       7     1    0    0    0    0    0     0     0     0   99
22:28:57       0     1    0    0    0    0    0     0     0     0   98
22:28:57       1   100    0    0    0    0    0     0     0     0    0
22:28:57       2   100    0    0    0    0    0     0     0     0    0
22:28:57       3     0    0    0    0    0    0     0     0     0   98
22:28:57       4     1    0    0    0    0    0     0     0     0   99
22:28:57       5     0    0    1    0    0    0     0     0     0   99
22:28:57       6     0    0    1    0    0    0     0     0     0   99
22:28:57       7     0    0    1    0    0    0     0     0     0   97
22:28:58       0     0    0    1    0    0    0     0     0     0   98
22:28:58       1   100    0    0    0    0    0     0     0     0    0
22:28:58       2   100    0    0    0    0    0     0     0     0    0
22:28:58       3     0    0    0    0    0    0     0     0     0  100
22:28:58       4     0    0    0    0    0    0     0     0     0  100
22:28:58       5     0    0    1    0    0    0     0     0     0   99
22:28:58       6     0    0    0    0    0    0     0     0     0  100
22:28:58       7     0    0    0    0    0    0     0     0     0  100
22:28:59       0     0    0    0    0    0    0     0     0     0   98
22:28:59       1   100    0    0    0    0    0     0     0     0    0
22:28:59       2   100    0    0    0    0    0     0     0     0    0
22:28:59       3     1    0    0    0    0    0     0     0     0   98
22:28:59       4     0    0    0    0    0    0     0     0     0  100
22:28:59       5     1    0    0    0    0    0     0     0     0   99
22:28:59       6     1    0    0    0    0    0     0     0     0   99
22:28:59       7     0    0    0    1    0    0     0     0     0   98
22:29:00       0     0    0    1    0    0    0     0     0     0   99
22:29:00       1   100    0    0    0    0    0     0     0     0    0
22:29:00       2   100    0    0    0    0    0     0     0     0    0
22:29:00       3     0    1    0    0    0    0     0     0     0   99
22:29:00       4     0    0    0    0    0    0     0     0     0   98
22:29:00       5     0    0    0    0    0    0     0     0     0  100
22:29:00       6     0    0    0    0    0    0     0     0     0   99
22:29:00       7     1    0    0    0    0    0     0     0     0   99
22:29:01       0     0    0    0    0    0    0     0     0     0  100
22:29:01       1   100    0    0    0    0    0     0     0     0    0
22:29:01       2   100    0    0    0    0    0     0     0     0    0
22:29:01       3     2    0    0    0    0    0     0     0     0   97
22:29:01       4    13    0    1    1    0    0     0     0     0   85
22:29:01       5     0    0    0    0    0    0     0     0     0  100
22:29:01       6     0    0    0    0    0    0     0     0     0  100
22:29:01       7     0    0    0    0    0    0     0     0     0  100
22:29:02       0     0    0    0    0    0    0     0     0     0  100
22:29:02       1   100    0    0    0    0    0     0     0     0    0
22:29:02       2   100    0    0    0    0    0     0     0     0    0
22:29:02       3     0    0    0    0    0    0     0     0     0   98
22:29:02       4     0    0    0    0    0    0     0     0     0  100
22:29:02       5     0    0    0    0    0    0     0     0     0   98
22:29:02       6     0    0    0    0    0    0     0     0     0  100
22:29:02       7     0    0    0    0    0    0     0     0     0   98
22:29:03       0     0    0    0    0    0    0     0     0     0  100
22:29:03       1   100    0    0    0    0    0     0     0     0    0
22:29:03       2   100    0    0    0    0    0     0     0     0    0
22:29:03       3     2    0    0    0    0    0     0     0     0   97
22:29:03       4     1    0    1    0    0    0     0     0     0   98
22:29:03       5    10    0    1    0    0    0     0     0     0   88
22:29:03       6     0    0    0    0    0    0     0     0     0   98
22:29:03       7     0    0    0    0    0    0     0     0     0  100
22:29:04       0    69    0    0    0    0    0     0     0     0   29
22:29:04       1    36    0    1    0    0    0     0     0     0   63
22:29:04       2   100    0    0    0    0    0     0     0     0    0
22:29:04       3     1    0    0    0    0    0     0     0     0   98
22:29:04       4     1    1    2    0    0    0     0     0     0   96
22:29:04       5    11    0    0    0    0    0     0     0     0   88
22:29:04       6     0    0    0    0    0    0     0     0     0  100
22:29:04       7     5    0    1    1    0    0     0     0     0   92
22:29:05       0   100    0    0    0    0    0     0     0     0    0
22:29:05       1     5    0    1    0    0    0     0     0     0   93
22:29:05       2   100    0    0    0    0    0     0     0     0    0
22:29:05       3    15    0    2    0    0    0     0     0     0   82
22:29:05       4     2    1    1    0    0    0     0     0     0   95
22:29:05       5     2    0    1    0    0    0     0     0     0   96
22:29:05       6     3    0    4    0    0    0     0     0     0   93
22:29:05       7     7    0    2    0    0    0     0     0     0   90
22:29:06       0   100    0    0    0    0    0     0     0     0    0
22:29:06       1    14    0    1    0    0    0     0     0     0   85
22:29:06       2   100    0    0    0    0    0     0     0     0    0
22:29:06       3     7    0    2    0    0    0     0     0     0   91
22:29:06       4     0    0    0    0    0    0     0     0     0  100
22:29:06       5     7    0    5    0    0    0     0     0     0   87
22:29:06       6     8    0    3    0    0    0     0     0     0   89
22:29:06       7     0    0    0    0    0    0     0     0     0  100

# SINGLE CPU[HYPER] STATISTICS
#Time        Cpu  User Nice  Sys Wait IRQ  Soft Steal Guest NiceG Idle
22:29:07       0   100    0    0    0    0    0     0     0     0    0
22:29:07       1     0    0    0    0    0    0     0     0     0  100
22:29:07       2   100    0    0    0    0    0     0     0     0    0
22:29:07       3     0    0    0    0    0    0     0     0     0  100
22:29:07       4     0    0    0    0    0    0     0     0     0  100
22:29:07       5     1    0    0    0    0    0     0     0     0   98
22:29:07       6     1    0    0    0    0    0     0     0     0   97
22:29:07       7     1    0    0    0    0    0     0     0     0   99
22:29:08       0   100    0    0    0    0    0     0     0     0    0
22:29:08       1     5    0    5    1    0    0     0     0     0   89
22:29:08       2   100    0    0    0    0    0     0     0     0    0
22:29:08       3     6    0    4    0    0    0     0     0     0   89
22:29:08       4     4    0    2    0    0    0     0     0     0   93
22:29:08       5     3    0    4    0    0    0     0     0     0   92
22:29:08       6     4    0    2    0    0    0     0     0     0   94
22:29:08       7     5    0    1    1    0    0     0     0     0   92
22:29:09       0    57    0    0    0    0    0     0     0     0   43
22:29:09       1     1    0    0    0    0    0     0     0     0   98
22:29:09       2   100    0    0    0    0    0     0     0     0    0
22:29:09       3     4    0    0    0    0    0     0     0     0   96
22:29:09       4    43    1    1    0    0    0     0     0     0   55
22:29:09       5     0    0    0    0    0    0     0     0     0  100
22:29:09       6     0    0    0    0    0    0     0     0     0  100
22:29:09       7     0    0    0    0    0    0     0     0     0  100
22:29:10       0     0    1    1    0    0    0     0     0     0   98
22:29:10       1     1    0    0    0    0    0     0     0     0   98
22:29:10       2   100    0    0    0    0    0     0     0     0    0
22:29:10       3     3    0    1    0    0    0     0     0     0   96
22:29:10       4   100    0    0    0    0    0     0     0     0    0
22:29:10       5     1    0    0    0    0    0     0     0     0   97
22:29:10       6     0    0    0    0    0    0     0     0     0  100
22:29:10       7     1    0    0    0    0    0     0     0     0   98
22:29:11       0     0    0    1    0    0    0     0     0     0   99
22:29:11       1     0    0    0    0    0    0     0     0     0   98
22:29:11       2   100    0    0    0    0    0     0     0     0    0
22:29:11       3     3    1    1    0    0    0     0     0     0   95
22:29:11       4   100    0    0    0    0    0     0     0     0    0
22:29:11       5     0    0    1    0    0    0     0     0     0   99
22:29:11       6     0    0    1    0    0    0     0     0     0   99
22:29:11       7     0    0    1    0    0    0     0     0     0   98
22:29:12       0     1    0    0    0    0    0     0     0     0   98
22:29:12       1     0    0    0    0    0    0     0     0     0  100
22:29:12       2   100    0    0    0    0    0     0     0     0    0
22:29:12       3     1    0    0    0    0    0     0     0     0   98
22:29:12       4   100    0    0    0    0    0     0     0     0    0
22:29:12       5     0    0    0    0    0    0     0     0     0  100
22:29:12       6     0    0    0    0    0    0     0     0     0  100
22:29:12       7     0    0    1    0    0    0     0     0     0   99
22:29:13       0     0    0    0    0    0    0     0     0     0   97
22:29:13       1     0    0    0    0    0    0     0     0     0   98
22:29:13       2   100    0    0    0    0    0     0     0     0    0
22:29:13       3     0    0    1    1    0    0     0     0     0   98
22:29:13       4   100    0    0    0    0    0     0     0     0    0
22:29:13       5     0    0    0    0    0    0     0     0     0  100
22:29:13       6     1    0    0    0    0    0     0     0     0   99
22:29:13       7     1    0    0    0    0    0     0     0     0   99
22:29:14       0     0    0    0    0    0    0     0     0     0  100
22:29:14       1     0    0    1    0    0    0     0     0     0   99
22:29:14       2    99    0    0    1    0    0     0     0     0    0
22:29:14       3     1    0    0    0    0    0     0     0     0   99
22:29:14       4    99    0    0    0    0    0     0     0     0    0
22:29:14       5     1    0    0    0    0    0     0     0     0   97
22:29:14       6     1    0    0    0    0    0     0     0     0   98
22:29:14       7     0    0    0    0    0    0     0     0     0  100
22:29:15       0     1    0    1    0    0    0     0     0     0   97
22:29:15       1     1    0    0    0    0    0     0     0     0   98
22:29:15       2    87    0   12    0    0    0     0     0     0    0
22:29:15       3     1    0    1    0    0    0     0     0     0   97
22:29:15       4    83    0    3    0    0    0     0     0     0   14
22:29:15       5     0    0    1    0    0    0     0     0     0   99
22:29:15       6     1    0    0    0    0    0     0     0     0   99
22:29:15       7     1    0    2    1    0    0     0     0     0   96
22:29:16       0     0    0    0    0    0    0     0     0     0  100
22:29:16       1     0    0    0    0    0    0     0     0     0  100
22:29:16       2    92    0    7    0    0    0     0     0     0    1
22:29:16       3     0    0    0    0    0    0     0     0     0  100
22:29:16       4    76    0    0    0    0    0     0     0     0   23
22:29:16       5     0    0    0    0    0    0     0     0     0  100
22:29:16       6     0    0    0    0    0    0     0     0     0  100
22:29:16       7     0    0    0    0    0    0     0     0     0  100
22:29:17       0     0    0    0    0    0    0     0     0     0   98
22:29:17       1     0    0    0    0    0    0     0     0     0   98
22:29:17       2   100    0    0    0    0    0     0     0     0    0
22:29:17       3     0    0    0    0    0    0     0     0     0   99
22:29:17       4    99    0    1    0    0    0     0     0     0    0
22:29:17       5     0    0    1    0    0    0     0     0     0   99
22:29:17       6     1    0    0    0    0    0     0     0     0   99
22:29:17       7     1    0    0    0    0    0     0     0     0   99
22:29:18       0     0    0    0    0    0    0     0     0     0  100
22:29:18       1     0    0    0    0    0    0     0     0     0  100
22:29:18       2   100    0    0    0    0    0     0     0     0    0
22:29:18       3     0    0    0    0    0    0     0     0     0  100
22:29:18       4   100    0    0    0    0    0     0     0     0    0
22:29:18       5     0    0    0    0    0    0     0     0     0  100
22:29:18       6     0    0    0    0    0    0     0     0     0  100
22:29:18       7     0    0    0    0    0    0     0     0     0  100
22:29:19       0     1    0    0    0    0    0     0     0     0   99
22:29:19       1     0    0    0    0    0    0     0     0     0  100
22:29:19       2   100    0    0    0    0    0     0     0     0    0
22:29:19       3     0    0    1    0    0    0     0     0     0   99
22:29:19       4   100    0    0    0    0    0     0     0     0    0
22:29:19       5     0    0    0    0    0    0     0     0     0   98
22:29:19       6     0    0    1    0    0    0     0     0     0   99
22:29:19       7     0    0    0    0    0    0     0     0     0  100
22:29:20       0     0    0    0    0    0    0     0     0     0  100
22:29:20       1     0    0    0    0    0    0     0     0     0  100
22:29:20       2   100    0    0    0    0    0     0     0     0    0
22:29:20       3     0    0    1    0    0    0     0     0     0   99
22:29:20       4   100    0    0    0    0    0     0     0     0    0
22:29:20       5     0    0    0    1    0    0     0     0     0   98
22:29:20       6     0    0    0    0    0    0     0     0     0   98
22:29:20       7     1    0    0    0    0    0     0     0     0   99
22:29:21       0     0    0    0    0    0    0     0     0     0  100
22:29:21       1     0    0    1    0    0    0     0     0     0   99
22:29:21       2   100    0    0    0    0    0     0     0     0    0
22:29:21       3     0    0    0    0    0    0     0     0     0  100
22:29:21       4   100    0    0    0    0    0     0     0     0    0
22:29:21       5     0    0    1    0    0    0     0     0     0   99
22:29:21       6     0    0    0    0    0    0     0     0     0  100
22:29:21       7     0    0    0    0    0    0     0     0     0  100
22:29:22       0     0    0    0    0    0    0     0     0     0  100
22:29:22       1     0    0    0    0    0    0     0     0     0  100
22:29:22       2    99    0    0    0    0    0     0     0     0    0
22:29:22       3     0    0    0    0    0    0     0     0     0  100
22:29:22       4   100    0    0    0    0    0     0     0     0    0
22:29:22       5     1    0    0    0    0    0     0     0     0   99
22:29:22       6     1    0    0    0    0    0     0     0     0   99
22:29:22       7     0    0    0    0    0    0     0     0     0   99
22:29:23       0     0    0    0    0    0    0     0     0     0   99
22:29:23       1     0    0    0    0    0    0     0     0     0  100
22:29:23       2   100    0    0    0    0    0     0     0     0    0
22:29:23       3     0    0    0    0    0    0     0     0     0  100
22:29:23       4   100    0    0    0    0    0     0     0     0    0
22:29:23       5     0    0    0    0    0    0     0     0     0  100
22:29:23       6     0    0    0    0    0    0     0     0     0  100
22:29:23       7     0    0    0    0    0    0     0     0     0  100
22:29:24       0     0    0    0    0    0    0     0     0     0  100
22:29:24       1     1    0    0    0    0    0     0     0     0   99
22:29:24       2   100    0    0    0    0    0     0     0     0    0
22:29:24       3     0    0    0    0    0    0     0     0     0  100
22:29:24       4   100    0    0    0    0    0     0     0     0    0
22:29:24       5     0    0    0    0    0    0     0     0     0  100
22:29:24       6     0    0    0    0    0    0     0     0     0   99
22:29:24       7     0    0    0    0    0    0     0     0     0  100
22:29:25       0     0    0    1    0    0    0     0     0     0   98
22:29:25       1     1    0    0    0    0    0     0     0     0   99
22:29:25       2   100    0    0    0    0    0     0     0     0    0
22:29:25       3     0    0    0    0    0    0     0     0     0   98
22:29:25       4   100    0    0    0    0    0     0     0     0    0
22:29:25       5     0    0    1    0    0    0     0     0     0   96
22:29:25       6     1    0    0    0    0    0     0     0     0   99
22:29:25       7     0    0    1    0    0    0     0     0     0   97
22:29:26       0     0    0    0    0    0    0     0     0     0  100
22:29:26       1     0    0    0    0    0    0     0     0     0  100
22:29:26       2   100    0    0    0    0    0     0     0     0    0
22:29:26       3     0    0    0    0    0    0     0     0     0  100
22:29:26       4   100    0    0    0    0    0     0     0     0    0
22:29:26       5     0    0    0    0    0    0     0     0     0  100
22:29:26       6     0    0    0    0    0    0     0     0     0  100
22:29:26       7     1    0    0    0    0    0     0     0     0   99
22:29:27       0     1    0    0    0    0    0     0     0     0   98
22:29:27       1     0    0    1    0    0    0     0     0     0   98
22:29:27       2   100    0    0    0    0    0     0     0     0    0
22:29:27       3     0    0    0    0    0    0     0     0     0  100
22:29:27       4   100    0    0    0    0    0     0     0     0    0
22:29:27       5     0    0    0    0    0    0     0     0     0   99
22:29:27       6     0    0    0    0    0    0     0     0     0  100
22:29:27       7     0    0    0    0    0    0     0     0     0  100
22:29:28       0     0    0    1    0    0    0     0     0     0   99
22:29:28       1     0    0    0    0    0    0     0     0     0   99
22:29:28       2   100    0    0    0    0    0     0     0     0    0
22:29:28       3     0    0    0    0    0    0     0     0     0   98
22:29:28       4   100    0    0    0    0    0     0     0     0    0
22:29:28       5     0    0    0    0    0    0     0     0     0  100
22:29:28       6     0    0    0    0    0    0     0     0     0  100
22:29:28       7     1    0    0    0    0    0     0     0     0   99

# SINGLE CPU[HYPER] STATISTICS
#Time        Cpu  User Nice  Sys Wait IRQ  Soft Steal Guest NiceG Idle
22:29:29       0     0    0    0    0    0    0     0     0     0   97
22:29:29       1     2    0    0    0    0    0     0     0     0   98
22:29:29       2   100    0    0    0    0    0     0     0     0    0
22:29:29       3     0    0    0    0    0    0     0     0     0   99
22:29:29       4   100    0    0    0    0    0     0     0     0    0
22:29:29       5     0    0    0    0    0    0     0     0     0  100
22:29:29       6     0    0    0    0    0    0     0     0     0  100
22:29:29       7     0    0    0    0    0    0     0     0     0  100
22:29:30       0     0    0    0    0    0    0     0     0     0  100
22:29:30       1     1    0    0    0    0    0     0     0     0   99
22:29:30       2   100    0    0    0    0    0     0     0     0    0
22:29:30       3     0    0    0    0    0    0     0     0     0  100
22:29:30       4   100    0    0    0    0    0     0     0     0    0
22:29:30       5     0    0    0    0    0    0     0     0     0  100
22:29:30       6     0    0    0    0    0    0     0     0     0  100
22:29:30       7     0    0    0    0    0    0     0     0     0   98
22:29:31       0     1    0    0    0    0    0     0     0     0   99
22:29:31       1     0    0    0    0    0    0     0     0     0  100
22:29:31       2   100    0    0    0    0    0     0     0     0    0
22:29:31       3     0    0    1    0    0    0     0     0     0   99
22:29:31       4   100    0    0    0    0    0     0     0     0    0
22:29:31       5     0    0    0    0    0    0     0     0     0   98
22:29:31       6     0    0    0    0    0    0     0     0     0  100
22:29:31       7     0    0    0    0    0    0     0     0     0   98
22:29:32       0     0    0    0    0    0    0     0     0     0  100
22:29:32       1     0    0    0    0    0    0     0     0     0  100
22:29:32       2   100    0    0    0    0    0     0     0     0    0
22:29:32       3     0    0    0    0    0    0     0     0     0   98
22:29:32       4   100    0    0    0    0    0     0     0     0    0
22:29:32       5     0    0    0    0    0    0     0     0     0  100
22:29:32       6     0    0    0    0    0    0     0     0     0  100
22:29:32       7     1    0    0    0    0    0     0     0     0   99
22:29:33       0     0    0    0    0    0    0     0     0     0  100
22:29:33       1     0    0    0    0    0    0     0     0     0  100
22:29:33       2   100    0    0    0    0    0     0     0     0    0
22:29:33       3     0    0    0    0    0    0     0     0     0  100
22:29:33       4   100    0    0    0    0    0     0     0     0    0
22:29:33       5     0    0    0    0    0    0     0     0     0   99
22:29:33       6     1    0    0    0    0    0     0     0     0   99
22:29:33       7     0    0    0    0    0    0     0     0     0  100
22:29:34       0     0    0    0    0    0    0     0     0     0   98
22:29:34       1     0    0    0    0    0    0     0     0     0   99
22:29:34       2   100    0    0    0    0    0     0     0     0    0
22:29:34       3     0    0    0    0    0    0     0     0     0  100
22:29:34       4   100    0    0    0    0    0     0     0     0    0
22:29:34       5     0    0    0    0    0    0     0     0     0  100
22:29:34       6     0    0    0    0    0    0     0     0     0  100
22:29:34       7     0    0    0    0    0    0     0     0     0  100
22:29:35       0     0    0    2    0    0    0     0     0     0   97
22:29:35       1     1    0    0    0    0    0     0     0     0   98
22:29:35       2   100    0    0    0    0    0     0     0     0    0
22:29:35       3     0    0    0    0    0    0     0     0     0   98
22:29:35       4   100    0    0    0    0    0     0     0     0    0
22:29:35       5     0    0    0    0    0    0     0     0     0   98
22:29:35       6     0    0    1    0    0    0     0     0     0   98
22:29:35       7     1    0    1    0    0    0     0     0     0   97
22:29:36       0     0    0    0    0    0    0     0     0     0  100
22:29:36       1     0    0    0    0    0    0     0     0     0  100
22:29:36       2   100    0    0    0    0    0     0     0     0    0
22:29:36       3     0    0    0    0    0    0     0     0     0  100
22:29:36       4   100    0    0    0    0    0     0     0     0    0
22:29:36       5     0    0    0    0    0    0     0     0     0  100
22:29:36       6     0    0    0    0    0    0     0     0     0  100
22:29:36       7     0    0    0    0    0    0     0     0     0  100
22:29:37       0     1    0    1    0    0    0     0     0     0   98
22:29:37       1     2    0    0    0    0    0     0     0     0   96
22:29:37       2   100    0    0    0    0    0     0     0     0    0
22:29:37       3     2    0    1    0    0    0     0     0     0   97
22:29:37       4   100    0    0    0    0    0     0     0     0    0
22:29:37       5     2    0    0    0    0    0     0     0     0   98
22:29:37       6     4    0    0    0    0    0     0     0     0   94
22:29:37       7     1    0    0    0    0    0     0     0     0   98
22:29:38       0     0    0    0    0    0    0     0     0     0  100
22:29:38       1     0    0    0    0    0    0     0     0     0  100
22:29:38       2   100    0    0    0    0    0     0     0     0    0
22:29:38       3     0    0    0    0    0    0     0     0     0  100
22:29:38       4   100    0    0    0    0    0     0     0     0    0
22:29:38       5     0    0    0    0    0    0     0     0     0  100
22:29:38       6     0    0    0    0    0    0     0     0     0  100
22:29:38       7     0    0    0    0    0    0     0     0     0  100
22:29:39       0     0    0    0    0    0    0     0     0     0  100
22:29:39       1     0    0    0    0    0    0     0     0     0  100
22:29:39       2   100    0    0    0    0    0     0     0     0    0
22:29:39       3     0    0    0    0    0    0     0     0     0  100
22:29:39       4   100    0    0    0    0    0     0     0     0    0
22:29:39       5     0    0    0    0    0    0     0     0     0   99
22:29:39       6     0    0    0    0    0    0     0     0     0  100
22:29:39       7     0    0    0    0    0    0     0     0     0  100
22:29:40       0     0    0    0    0    0    0     0     0     0   98
22:29:40       1     0    0    0    0    0    0     0     0     0  100
22:29:40       2    96    0    2    1    0    0     0     0     0    0
22:29:40       3     0    0    0    0    0    0     0     0     0  100
22:29:40       4   100    0    0    0    0    0     0     0     0    0
22:29:40       5     0    0    0    0    0    0     0     0     0  100
22:29:40       6     0    0    0    0    0    0     0     0     0   99
22:29:40       7     0    0    0    0    0    0     0     0     0  100
22:29:41       0     0    0    0    0    0    0     0     0     0  100
22:29:41       1     0    0    0    0    0    0     0     0     0  100
22:29:41       2   100    0    0    0    0    0     0     0     0    0
22:29:41       3     0    0    0    0    0    0     0     0     0  100
22:29:41       4   100    0    0    0    0    0     0     0     0    0
22:29:41       5     0    0    0    0    0    0     0     0     0   98
22:29:41       6     0    0    0    0    0    0     0     0     0  100
22:29:41       7     0    0    1    0    0    0     0     0     0   99
22:29:42       0     0    0    0    0    0    0     0     0     0  100
22:29:42       1     1    0    0    0    0    0     0     0     0   99
22:29:42       2    96    0    3    1    0    0     0     0     0    0
22:29:42       3     0    0    0    0    0    0     0     0     0  100
22:29:42       4    99    0    0    0    0    0     0     0     0    0
22:29:42       5     0    0    0    0    0    0     0     0     0  100
22:29:42       6     0    0    0    0    0    0     0     0     0  100
22:29:42       7     0    0    0    0    0    0     0     0     0  100
22:29:43       0     0    0    0    0    0    0     0     0     0  100
22:29:43       1     0    0    0    0    0    0     0     0     0  100
22:29:43       2   100    0    0    0    0    0     0     0     0    0
22:29:43       3     1    0    0    0    0    0     0     0     0   99
22:29:43       4   100    0    0    0    0    0     0     0     0    0
22:29:43       5     0    0    0    0    0    0     0     0     0  100
22:29:43       6     0    0    0    0    0    0     0     0     0  100
22:29:43       7     0    0    0    0    0    0     0     0     0  100
22:29:44       0     0    0    0    0    0    0     0     0     0  100
22:29:44       1     0    0    0    0    0    0     0     0     0  100
22:29:44       2    89    0   10    1    0    0     0     0     0    0
22:29:44       3     0    0    0    0    0    0     0     0     0   99
22:29:44       4    93    0    1    0    0    0     0     0     0    5
22:29:44       5     1    0    0    0    0    0     0     0     0   99
22:29:44       6     0    0    0    0    0    0     0     0     0  100
22:29:44       7     0    0    0    0    0    0     0     0     0  100
22:29:45       0     0    0    0    0    0    0     0     0     0  100
22:29:45       1     0    0    0    0    0    0     0     0     0   98
22:29:45       2    83    0   17    0    0    0     0     0     0    0
22:29:45       3     1    0    2    0    0    0     0     0     0   96
22:29:45       4    56    0    0    0    0    0     0     0     0   42
22:29:45       5     0    0    0    0    0    0     0     0     0  100
22:29:45       6     0    0    1    0    0    0     0     0     0   99
22:29:45       7     0    0    0    1    0    0     0     0     0   97
22:29:46       0     0    0    0    0    0    0     0     0     0  100
22:29:46       1     0    0    0    0    0    0     0     0     0  100
22:29:46       2   100    0    0    0    0    0     0     0     0    0
22:29:46       3     0    0    0    0    0    0     0     0     0  100
22:29:46       4   100    0    0    0    0    0     0     0     0    0
22:29:46       5     0    0    0    0    0    0     0     0     0  100
22:29:46       6     1    0    0    0    0    0     0     0     0   99
22:29:46       7     0    0    0    0    0    0     0     0     0   98
22:29:47       0     0    0    1    0    0    0     0     0     0   99
22:29:47       1     2    0    0    0    0    0     0     0     0   98
22:29:47       2    76    0   23    0    0    0     0     0     0    0
22:29:47       3     1    0    0    0    0    0     0     0     0   99
22:29:47       4    80    0    1    0    0    0     0     0     0   18
22:29:47       5     0    0    0    0    0    0     0     0     0   99
22:29:47       6     0    0    0    0    0    0     0     0     0  100
22:29:47       7     0    0    0    0    0    0     0     0     0  100
22:29:48       0     0    0    0    0    0    0     0     0     0  100
22:29:48       1     0    0    0    0    0    0     0     0     0  100
22:29:48       2    70    0   30    0    0    0     0     0     0    0
22:29:48       3     0    0    0    0    0    0     0     0     0  100
22:29:48       4    51    0    0    0    0    0     0     0     0   49
22:29:48       5     0    0    0    0    0    0     0     0     0  100
22:29:48       6     0    0    0    0    0    0     0     0     0  100
22:29:48       7     0    0    0    0    0    0     0     0     0  100
22:29:49       0     1    0    0    0    0    0     0     0     0   99
22:29:49       1     0    1    0    0    0    0     0     0     0   99
22:29:49       2   100    0    0    0    0    0     0     0     0    0
22:29:49       3     0    0    0    0    0    0     0     0     0   99
22:29:49       4   100    0    0    0    0    0     0     0     0    0
22:29:49       5     0    0    0    0    0    0     0     0     0  100
22:29:49       6     0    0    1    0    0    0     0     0     0   99
22:29:49       7     0    0    0    0    0    0     0     0     0  100
22:29:50       0     0    0    0    0    0    0     0     0     0  100
22:29:50       1     1    0    0    0    0    0     0     0     0   99
22:29:50       2    81    0   19    0    0    0     0     0     0    0
22:29:50       3     0    0    0    0    0    0     0     0     0  100
22:29:50       4    84    0    1    0    0    0     0     0     0   15
22:29:50       5     1    0    0    0    0    0     0     0     0   99
22:29:50       6     0    0    0    0    0    0     0     0     0  100
22:29:50       7     0    0    0    1    0    0     0     0     0   99

# SINGLE CPU[HYPER] STATISTICS
#Time        Cpu  User Nice  Sys Wait IRQ  Soft Steal Guest NiceG Idle
22:29:51       0     0    0    0    0    0    0     0     0     0   99
22:29:51       1     0    0    0    0    0    0     0     0     0   99
22:29:51       2    82    0   17    0    0    0     0     0     0    0
22:29:51       3     0    0    0    0    0    0     0     0     0  100
22:29:51       4    59    0    0    0    0    0     0     0     0   40
22:29:51       5     0    0    0    0    0    0     0     0     0  100
22:29:51       6     0    0    0    0    0    0     0     0     0   99
22:29:51       7     1    0    0    0    0    0     0     0     0   99
22:29:52       0     0    0    1    0    0    0     0     0     0   99
22:29:52       1     0    0    0    0    0    0     0     0     0  100
22:29:52       2   100    0    0    0    0    0     0     0     0    0
22:29:52       3     0    0    0    0    0    0     0     0     0  100
22:29:52       4   100    0    0    0    0    0     0     0     0    0
22:29:52       5     0    0    0    0    0    0     0     0     0  100
22:29:52       6     0    0    0    0    0    0     0     0     0  100
22:29:52       7     0    0    1    0    0    0     0     0     0   99
22:29:53       0     0    0    0    0    0    0     0     0     0  100
22:29:53       1     0    0    0    0    0    0     0     0     0  100
22:29:53       2    75    0   24    0    0    0     0     0     0    0
22:29:53       3     1    0    0    0    0    0     0     0     0   99
22:29:53       4    76    0    1    0    0    0     0     0     0   22
22:29:53       5     0    0    0    0    0    0     0     0     0  100
22:29:53       6     0    0    0    0    0    0     0     0     0  100
22:29:53       7     0    0    0    0    0    0     0     0     0   99
22:29:54       0     0    0    0    0    0    0     0     0     0  100
22:29:54       1     1    0    0    0    0    0     0     0     0   99
22:29:54       2    86    0   14    0    0    0     0     0     0    0
22:29:54       3     0    0    0    0    0    0     0     0     0  100
22:29:54       4    68    0    0    0    0    0     0     0     0   32
22:29:54       5     0    0    0    0    0    0     0     0     0  100
22:29:54       6     1    0    0    0    0    0     0     0     0   99
22:29:54       7     0    0    0    0    0    0     0     0     0  100
22:29:55       0     0    0    0    0    0    0     0     0     0  100
22:29:55       1     0    0    0    0    0    0     0     0     0  100
22:29:55       2   100    0    0    0    0    0     0     0     0    0
22:29:55       3     1    0    2    0    0    0     0     0     0   94
22:29:55       4   100    0    0    0    0    0     0     0     0    0
22:29:55       5     1    0    0    0    0    0     0     0     0   98
22:29:55       6     0    0    0    0    0    0     0     0     0  100
22:29:55       7     0    0    2    0    0    0     0     0     0   97
22:29:56       0     0    0    0    0    0    0     0     0     0   98
22:29:56       1     0    0    1    0    0    0     0     0     0   99
22:29:56       2    70    0   30    0    0    0     0     0     0    0
22:29:56       3     0    0    0    0    0    0     0     0     0  100
22:29:56       4    65    0    3    0    0    0     0     0     0   32
22:29:56       5     0    0    0    0    0    0     0     0     0  100
22:29:56       6     0    0    0    0    0    0     0     0     0  100
22:29:56       7     0    1    0    0    0    0     0     0     0   99
22:29:57       0     0    0    0    0    0    0     0     0     0  100
22:29:57       1     0    0    0    0    0    0     0     0     0   99
22:29:57       2    91    0    9    0    0    0     0     0     0    0
22:29:57       3     0    0    0    0    0    0     0     0     0  100
22:29:57       4    77    0    0    0    0    0     0     0     0   23
22:29:57       5     0    0    0    0    0    0     0     0     0   99
22:29:57       6     0    0    0    0    0    0     0     0     0  100
22:29:57       7     0    0    0    0    0    0     0     0     0  100
22:29:58       0     0    0    0    0    0    0     0     0     0  100
22:29:58       1     0    0    1    0    0    0     0     0     0   99
22:29:58       2   100    0    0    0    0    0     0     0     0    0
22:29:58       3     0    0    0    0    0    0     0     0     0   98
22:29:58       4   100    0    0    0    0    0     0     0     0    0
22:29:58       5     0    0    1    0    0    0     0     0     0   99
22:29:58       6     0    0    0    0    0    0     0     0     0  100
22:29:58       7     0    0    0    0    0    0     0     0     0   99
22:29:59       0     3    0    0    0    0    0     0     0     0   97
22:29:59       1     1    0    0    0    0    0     0     0     0   99
22:29:59       2     4    0    0    0    0    0     0     0     0   95
22:29:59       3     0    0    0    0    0    0     0     0     0  100
22:29:59       4    59    0    0    0    0    0     0     0     0   41
22:29:59       5     0    0    0    0    0    0     0     0     0  100
22:29:59       6    61    0   34    0    0    0     0     0     0    3
22:29:59       7     0    0    0    0    0    0     0     0     0  100
22:30:00       0     0    0    0    0    0    0     0     0     0  100
22:30:00       1     0    0    0    0    0    0     0     0     0   99
22:30:00       2     0    0    0    1    0    0     0     0     0   99
22:30:00       3     0    0    1    0    0    0     0     0     0   97
22:30:00       4    78    0    0    0    0    0     0     0     0   21
22:30:00       5     1    0    0    0    0    0     0     0     0   99
22:30:00       6    93    0    7    0    0    0     0     0     0    0
22:30:00       7     0    0    1    1    0    0     0     0     0   98
22:30:01       0     0    0    0    0    0    0     0     0     0  100
22:30:01       1     0    0    0    0    0    0     0     0     0  100
22:30:01       2     0    0    0    0    0    0     0     0     0  100
22:30:01       3     0    0    0    0    0    0     0     0     0  100
22:30:01       4   100    0    0    0    0    0     0     0     0    0
22:30:01       5    10    0    2    0    0    0     0     0     0   88
22:30:01       6   100    0    0    0    0    0     0     0     0    0
22:30:01       7     1    0    0    0    0    0     0     0     0   99
22:30:02       0     0    0    0    0    0    0     0     0     0  100
22:30:02       1     0    0    0    0    0    0     0     0     0  100
22:30:02       2     0    0    0    0    0    0     0     0     0  100
22:30:02       3     0    0    0    0    0    0     0     0     0  100
22:30:02       4    57    0    0    0    0    0     0     0     0   42
22:30:02       5     0    0    0    0    0    0     0     0     0  100
22:30:02       6    68    0   32    0    0    0     0     0     0    0
22:30:02       7     0    0    0    1    0    0     0     0     0   99
22:30:03       0     0    0    0    0    0    0     0     0     0  100
22:30:03       1     0    0    0    0    0    0     0     0     0  100
22:30:03       2     0    0    0    0    0    0     0     0     0   98
22:30:03       3     0    0    0    0    0    0     0     0     0  100
22:30:03       4    87    0    0    0    0    0     0     0     0   13
22:30:03       5     0    0    0    0    0    0     0     0     0  100
22:30:03       6    96    0    4    0    0    0     0     0     0    0
22:30:03       7     0    0    0    0    0    0     0     0     0  100
22:30:04       0     1    0    0    0    0    0     0     0     0   98
22:30:04       1     0    1    0    0    0    0     0     0     0   99
22:30:04       2     0    0    1    0    0    0     0     0     0   99
22:30:04       3     1    0    0    0    0    0     0     0     0   99
22:30:04       4   100    0    0    0    0    0     0     0     0    0
22:30:04       5     0    1    0    0    0    0     0     0     0   99
22:30:04       6   100    0    0    0    0    0     0     0     0    0
22:30:04       7     1    0    0    0    0    0     0     0     0   99
22:30:05       0     1    0    2    0    0    0     0     0     0   97
22:30:05       1     1    0    0    0    0    0     0     0     0   99
22:30:05       2     1    0    2    0    0    0     0     0     0   97
22:30:05       3     0    0    0    0    0    0     0     0     0  100
22:30:05       4    49    0    1    0    0    0     0     0     0   48
22:30:05       5     1    0    1    0    0    0     0     0     0   98
22:30:05       6    64    0   36    0    0    0     0     0     0    0
22:30:05       7     0    0    0    0    0    0     0     0     0  100
22:30:06       0     1    0    0    0    0    0     0     0     0   99
22:30:06       1     0    0    0    0    0    0     0     0     0  100
22:30:06       2     0    0    0    0    0    0     0     0     0  100
22:30:06       3     0    0    0    0    0    0     0     0     0  100
22:30:06       4    92    0    0    0    0    0     0     0     0    8
22:30:06       5     0    0    0    0    0    0     0     0     0  100
22:30:06       6    96    0    4    0    0    0     0     0     0    0
22:30:06       7     0    0    0    0    0    0     0     0     0  100
22:30:07       0     0    0    1    0    0    0     0     0     0   99
22:30:07       1     0    0    0    0    0    0     0     0     0   99
22:30:07       2     0    0    0    0    0    0     0     0     0  100
22:30:07       3     0    0    0    0    0    0     0     0     0  100
22:30:07       4   100    0    0    0    0    0     0     0     0    0
22:30:07       5     1    0    0    0    0    0     0     0     0   99
22:30:07       6   100    0    0    0    0    0     0     0     0    0
22:30:07       7     0    0    0    0    0    0     0     0     0  100
22:30:08       0    14    0   12    0    0    0     0     0     0   73
22:30:08       1     0    0    0    0    0    0     0     0     0  100
22:30:08       2     0    0    0    0    0    0     0     0     0   98
22:30:08       3     0    0    1    0    0    0     0     0     0   98
22:30:08       4    46    0    2    0    0    0     0     0     0   52
22:30:08       5     2    0    0    0    0    0     0     0     0   97
22:30:08       6    51    0   23    0    0    0     0     0     0   26
22:30:08       7     1    0    0    0    0    0     0     0     0   98
22:30:09       0     8    0    0    0    0    0     0     0     0   91
22:30:09       1    90    0    2    0    0    0     0     0     0    8
22:30:09       2     0    0    0    0    0    0     0     0     0  100
22:30:09       3     0    0    0    0    0    0     0     0     0  100
22:30:09       4    98    0    0    0    0    0     0     0     0    2
22:30:09       5     0    0    0    0    0    0     0     0     0  100
22:30:09       6     0    0    1    0    0    0     0     0     0   99
22:30:09       7     0    0    0    0    0    0     0     0     0  100
22:30:10       0     0    0    0    0    0    0     0     0     0   98
22:30:10       1   100    0    0    0    0    0     0     0     0    0
22:30:10       2     0    0    0    0    0    0     0     0     0  100
22:30:10       3     0    0    0    0    0    0     0     0     0  100
22:30:10       4   100    0    0    0    0    0     0     0     0    0
22:30:10       5     0    0    0    0    0    0     0     0     0  100
22:30:10       6     0    0    0    0    0    0     0     0     0  100
22:30:10       7     0    0    0    1    0    0     0     0     0   99
22:30:11       0     0    0    1    0    0    0     0     0     0   99
22:30:11       1    63    0   36    1    0    0     0     0     0    0
22:30:11       2     2    0    0    0    0    0     0     0     0   98
22:30:11       3     0    0    0    0    0    0     0     0     0  100
22:30:11       4    44    0    0    0    0    0     0     0     0   55
22:30:11       5     0    0    0    0    0    0     0     0     0   98
22:30:11       6     1    0    0    0    0    0     0     0     0   99
22:30:11       7     0    0    0    0    0    0     0     0     0  100
22:30:12       0     0    0    0    0    0    0     0     0     0  100
22:30:12       1   100    0    0    0    0    0     0     0     0    0
22:30:12       2     1    0    0    0    0    0     0     0     0   99
22:30:12       3     0    0    0    0    0    0     0     0     0  100
22:30:12       4   100    0    0    0    0    0     0     0     0    0
22:30:12       5     0    0    0    0    0    0     0     0     0  100
22:30:12       6     0    0    0    0    0    0     0     0     0  100
22:30:12       7     0    0    0    0    0    0     0     0     0   98

# SINGLE CPU[HYPER] STATISTICS
#Time        Cpu  User Nice  Sys Wait IRQ  Soft Steal Guest NiceG Idle
22:30:13       0     0    0    0    0    0    0     0     0     0  100
22:30:13       1    90    0    5    1    0    0     0     0     0    4
22:30:13       2     1    0    2    0    0    0     0     0     0   96
22:30:13       3     0    0    0    0    0    0     0     0     0   99
22:30:13       4   100    0    0    0    0    0     0     0     0    0
22:30:13       5     0    0    0    0    0    0     0     0     0   99
22:30:13       6     0    0    1    0    0    0     0     0     0   99
22:30:13       7     0    0    1    0    0    0     0     0     0   99
22:30:14       0     3   12    3    0    0    0     0     0     0   81
22:30:14       1    11    0    2    0    0    0     0     0     0   86
22:30:14       2    33    0    5   10    0    0     0     0     0   51
22:30:14       3     5   12    3    0    0    0     0     0     0   79
22:30:14       4    43    0    2    0    0    0     0     0     0   54
22:30:14       5     5    0    2    0    0    0     0     0     0   93
22:30:14       6     3    0    1    2    0    0     0     0     0   93
22:30:14       7     6    0    1    0    0    0     0     0     0   92
22:30:15       0     0    3    1    0    0    0     0     0     0   95
22:30:15       1     0    9    1    0    0    0     0     0     0   89
22:30:15       2     0    0    0    0    0    0     0     0     0   98
22:30:15       3     1    4    0    0    0    0     0     0     0   95
22:30:15       4     1    0    2    0    0    0     0     0     0   97
22:30:15       5     1    7    0    0    0    0     0     0     0   89
22:30:15       6     0    1    0    0    0    0     0     0     0   96
22:30:15       7     1    0    1    0    0    0     0     0     0   98
22:30:16       0     0    0    1    1    0    0     0     0     0   97
22:30:16       1     2    0    0    0    0    0     0     0     0   98
22:30:16       2     0    0    1    0    0    0     0     0     0   98
22:30:16       3     0    0    1    0    0    0     0     0     0   98
22:30:16       4     1    0    0    0    0    0     0     0     0   98
22:30:16       5     0    0    0    0    0    0     0     0     0  100
22:30:16       6     3    0    1    0    0    0     0     0     0   96
22:30:16       7     2    0    1    0    0    0     0     0     0   96
22:30:17       0     6    0    0    0    0    0     0     0     0   93
22:30:17       1     5    0    0    0    0    0     0     0     0   94
22:30:17       2     5    0    1    0    0    0     0     0     0   93
22:30:17       3     0    0    1    0    0    0     0     0     0   98
22:30:17       4     1    0    0    0    0    0     0     0     0   98
22:30:17       5     1    0    1    0    0    0     0     0     0   98
22:30:17       6     0    0    0    0    0    0     0     0     0  100
22:30:17       7     0    1    0    0    0    0     0     0     0   98
22:30:18       0     0    0    0    0    0    0     0     0     0  100
22:30:18       1     0    0    1    0    0    0     0     0     0   98
22:30:18       2     1    0    1    0    0    0     0     0     0   98
22:30:18       3     0    0    0    0    0    0     0     0     0  100
22:30:18       4    17    0    2    0    0    0     0     0     0   80
22:30:18       5     0    0    0    0    0    0     0     0     0  100
22:30:18       6     0    0    0    0    0    0     0     0     0  100
22:30:18       7     1    0    1    0    0    0     0     0     0   97
22:30:19       0     1    0    0    0    0    0     0     0     0   99
22:30:19       1     2    0    0    0    0    0     0     0     0   98
22:30:19       2     6    0    0    1    0    0     0     0     0   92
22:30:19       3     1    0    1    0    0    0     0     0     0   98
22:30:19       4    14    0    2    0    0    0     0     0     0   83
22:30:19       5     3    0    1    0    0    0     0     0     0   95
22:30:19       6     1    1    0    0    0    0     0     0     0   97
22:30:19       7     0    0    0    0    0    0     0     0     0  100
22:30:20       0    11    0    4    0    0    0     0     0     0   84
22:30:20       1     0    0    0    0    0    0     0     0     0   98
22:30:20       2     1    0    0    0    0    0     0     0     0   99
22:30:20       3     1    0    0    0    0    0     0     0     0   99
22:30:20       4     1    0    0    0    0    0     0     0     0   99
22:30:20       5    11    0    2    0    0    0     0     0     0   87
22:30:20       6    10    0    2    0    0    0     0     0     0   87
22:30:20       7     3    0    0    0    0    1     0     0     0   95
Ouch!
