waiting for 1 second sample...

# SINGLE CPU[HYPER] STATISTICS
#Time        Cpu  User Nice  Sys Wait IRQ  Soft Steal Guest NiceG Idle
23:25:45       0     8    0    1    0    0    0     0     0     0   90
23:25:45       1     4    0    1    1    0    0     0     0     0   93
23:25:45       2     1    0    3    1    0    0     0     0     0   94
23:25:45       3    98    0    2    0    0    0     0     0     0    0
23:25:45       4    99    0    1    0    0    0     0     0     0    0
23:25:45       5    98    0    2    0    0    0     0     0     0    0
23:25:45       6    99    0    1    0    0    0     0     0     0    0
23:25:45       7     5    0    2    1    0    0     0     0     0   92
23:25:46       0    13    0    1    0    0    0     0     0     0   83
23:25:46       1     1    0    2    0    0    0     0     0     0   97
23:25:46       2     0    0    0    0    0    0     0     0     0  100
23:25:46       3    98    0    1    0    0    0     0     0     0    0
23:25:46       4   100    0    0    0    0    0     0     0     0    0
23:25:46       5    99    0    1    0    0    0     0     0     0    0
23:25:46       6    99    0    1    0    0    0     0     0     0    0
23:25:46       7     0    1    0    0    0    0     0     0     0   98
23:25:47       0    14    0    1    0    0    0     0     0     0   84
23:25:47       1    14    0    1    0    0    0     0     0     0   84
23:25:47       2     4    0    2    0    0    0     0     0     0   94
23:25:47       3   100    0    0    0    0    0     0     0     0    0
23:25:47       4    98    0    1    0    0    0     0     0     0    0
23:25:47       5    98    0    2    0    0    0     0     0     0    0
23:25:47       6    99    0    0    0    0    0     0     0     0    0
23:25:47       7    12    0    3    0    0    0     0     0     0   84
23:25:48       0     1    0    1    0    0    0     0     0     0   98
23:25:48       1     1    0    1    0    0    0     0     0     0   98
23:25:48       2     0    0    0    0    0    0     0     0     0  100
23:25:48       3    98    0    1    0    0    0     0     0     0    0
23:25:48       4    99    0    1    0    0    0     0     0     0    0
23:25:48       5    98    0    2    0    0    0     0     0     0    0
23:25:48       6   100    0    0    0    0    0     0     0     0    0
23:25:48       7     1    1    0    0    0    0     0     0     0   97
23:25:49       0     0    0    1    0    0    0     0     0     0   98
23:25:49       1     1    0    0    0    0    0     0     0     0   98
23:25:49       2     1    1    0    0    0    0     0     0     0   97
23:25:49       3   100    0    0    0    0    0     0     0     0    0
23:25:49       4   100    0    0    0    0    0     0     0     0    0
23:25:49       5   100    0    0    0    0    0     0     0     0    0
23:25:49       6    98    0    1    0    0    0     0     0     0    0
23:25:49       7     0    0    0    0    0    0     0     0     0  100
23:25:50       0     1    0    0    0    0    0     0     0     0   98
23:25:50       1     0    0    2    0    0    0     0     0     0   98
23:25:50       2     1    0    0    1    0    0     0     0     0   97
23:25:50       3    99    0    0    0    0    0     0     0     0    0
23:25:50       4   100    0    0    0    0    0     0     0     0    0
23:25:50       5    99    0    1    0    0    0     0     0     0    0
23:25:50       6   100    0    0    0    0    0     0     0     0    0
23:25:50       7     0    0    0    0    0    0     0     0     0  100
23:25:51       0     0    1    0    0    0    0     0     0     0   98
23:25:51       1     1    0    0    0    0    0     0     0     0   98
23:25:51       2     1    0    1    0    0    0     0     0     0   97
23:25:51       3    98    0    1    0    0    0     0     0     0    0
23:25:51       4   100    0    0    0    0    0     0     0     0    0
23:25:51       5    99    0    1    0    0    0     0     0     0    0
23:25:51       6    98    0    2    0    0    0     0     0     0    0
23:25:51       7     1    0    0    0    0    0     0     0     0   98
23:25:52       0     0    5    1    0    0    0     0     0     0   94
23:25:52       1     0   29    0    0    0    0     0     0     0   68
23:25:52       2     0   10    0    0    0    0     0     0     0   88
23:25:52       3    97    0    2    0    0    0     0     0     0    0
23:25:52       4    96    0    4    0    0    0     0     0     0    0
23:25:52       5    97    0    3    0    0    0     0     0     0    0
23:25:52       6    98    0    2    0    0    0     0     0     0    0
23:25:52       7     0    0    0    0    0    0     0     0     0   98
23:25:53       0     1   32    0    0    0    0     0     0     0   67
23:25:53       1     1    4    1    0    0    0     0     0     0   94
23:25:53       2     0   32    1    0    0    0     0     0     0   66
23:25:53       3    91    0    9    0    0    0     0     0     0    0
23:25:53       4    98    0    1    0    0    0     0     0     0    0
23:25:53       5    91    0    9    0    0    0     0     0     0    0
23:25:53       6    97    0    3    0    0    0     0     0     0    0
23:25:53       7     1    3    0    0    0    0     0     0     0   95
23:25:54       0     0    0    0    0    0    0     0     0     0  100
23:25:54       1     0    0    0    0    0    0     0     0     0  100
23:25:54       2     1    0    0    0    0    0     0     0     0   97
23:25:54       3    98    0    1    0    0    0     0     0     0    0
23:25:54       4    99    0    0    0    0    0     0     0     0    0
23:25:54       5   100    0    0    0    0    0     0     0     0    0
23:25:54       6    97    0    3    0    0    0     0     0     0    0
23:25:54       7     1    0    0    0    0    0     0     0     0   97
23:25:55       0     1    0    1    0    0    0     0     0     0   98
23:25:55       1     1    0    0    0    0    0     0     0     0   98
23:25:55       2     1    0    2    0    0    0     0     0     0   96
23:25:55       3    97    0    2    0    0    0     0     0     0    0
23:25:55       4    96    0    3    0    0    0     0     0     0    0
23:25:55       5    94    0    6    0    0    0     0     0     0    0
23:25:55       6    95    0    5    0    0    0     0     0     0    0
23:25:55       7     3    0    0    1    0    0     0     0     0   95
23:25:56       0     1    0    0    0    0    0     0     0     0   98
23:25:56       1     1    0    4    0    0    0     0     0     0   93
23:25:56       2     1    0    0    0    0    0     0     0     0   98
23:25:56       3    94    0    5    0    0    0     0     0     0    0
23:25:56       4    94    0    6    0    0    0     0     0     0    0
23:25:56       5    94    0    6    0    0    0     0     0     0    0
23:25:56       6    93    0    6    0    0    0     0     0     0    0
23:25:56       7     0    0    1    0    0    0     0     0     0   98
23:25:57       0     4    0    1    0    0    0     0     0     0   95
23:25:57       1     2    0    0    0    0    0     0     0     0   96
23:25:57       2     1    0    0    0    0    0     0     0     0   98
23:25:57       3   100    0    0    0    0    0     0     0     0    0
23:25:57       4   100    0    0    0    0    0     0     0     0    0
23:25:57       5   100    0    0    0    0    0     0     0     0    0
23:25:57       6   100    0    0    0    0    0     0     0     0    0
23:25:57       7     1    0    0    0    0    0     0     0     0   98
23:25:58       0     3    0    1    0    0    0     0     0     0   95
23:25:58       1     1    0    1    0    0    0     0     0     0   96
23:25:58       2     3    0    1    0    0    0     0     0     0   93
23:25:58       3   100    0    0    0    0    0     0     0     0    0
23:25:58       4   100    0    0    0    0    0     0     0     0    0
23:25:58       5    99    0    1    0    0    0     0     0     0    0
23:25:58       6   100    0    0    0    0    0     0     0     0    0
23:25:58       7     4    0    0    0    0    0     0     0     0   94
23:25:59       0     5    0    1    0    0    0     0     0     0   93
23:25:59       1     2    0    2    0    0    0     0     0     0   96
23:25:59       2     3    0    2    0    0    0     0     0     0   95
23:25:59       3   100    0    0    0    0    0     0     0     0    0
23:25:59       4    99    0    0    0    0    0     0     0     0    0
23:25:59       5    99    0    1    0    0    0     0     0     0    0
23:25:59       6    98    0    1    0    0    0     0     0     0    0
23:25:59       7     4    1    1    0    0    0     0     0     0   93
23:26:00       0     7    0    2    0    0    0     0     0     0   89
23:26:00       1    24    0    2    0    0    0     0     0     0   73
23:26:00       2    14    0    2    0    0    0     0     0     0   81
23:26:00       3    90    0    0    0    0    0     0     0     0    8
23:26:00       4    99    0    1    0    0    0     0     0     0    0
23:26:00       5   100    0    0    0    0    0     0     0     0    0
23:26:00       6   100    0    0    0    0    0     0     0     0    0
23:26:00       7     8    0    1    0    0    0     0     0     0   90
23:26:01       0    10    0    2    0    0    0     0     0     0   88
23:26:01       1     2    0    0    0    0    0     0     0     0   97
23:26:01       2     1    0    1    0    0    0     0     0     0   97
23:26:01       3   100    0    0    0    0    0     0     0     0    0
23:26:01       4    95    0    5    0    0    0     0     0     0    0
23:26:01       5    96    0    4    0    0    0     0     0     0    0
23:26:01       6    95    0    5    0    0    0     0     0     0    0
23:26:01       7    30    0    4    0    0    0     0     0     0   66
23:26:02       0     5    0    2    0    0    0     0     0     0   92
23:26:02       1    10    0    5    0    0    0     0     0     0   84
23:26:02       2     9    0    2    0    0    0     0     0     0   87
23:26:02       3   100    0    0    0    0    0     0     0     0    0
23:26:02       4   100    0    0    0    0    0     0     0     0    0
23:26:02       5    99    0    1    0    0    0     0     0     0    0
23:26:02       6    99    0    1    0    0    0     0     0     0    0
23:26:02       7     2    0    3    1    0    1     0     0     0   92
23:26:03       0     2    1    0    0    0    0     0     0     0   97
23:26:03       1     2    0    0    0    0    0     0     0     0   98
23:26:03       2     1    0    1    0    0    0     0     0     0   97
23:26:03       3   100    0    0    0    0    0     0     0     0    0
23:26:03       4    98    0    1    0    0    0     0     0     0    0
23:26:03       5    98    0    2    0    0    0     0     0     0    0
23:26:03       6    99    0    1    0    0    0     0     0     0    0
23:26:03       7     8    1    1    0    0    0     0     0     0   90
23:26:04       0     0    0    1    0    0    0     0     0     0   97
23:26:04       1     1    0    0    0    0    0     0     0     0   98
23:26:04       2     1    0    0    0    0    0     0     0     0   99
23:26:04       3   100    0    0    0    0    0     0     0     0    0
23:26:04       4   100    0    0    0    0    0     0     0     0    0
23:26:04       5    98    0    2    0    0    0     0     0     0    0
23:26:04       6    99    0    1    0    0    0     0     0     0    0
23:26:04       7     0    0    1    0    0    0     0     0     0   99
23:26:05       0     1    0    3    0    0    0     0     0     0   96
23:26:05       1     1    0    0    0    0    0     0     0     0   98
23:26:05       2     2    0    2    0    0    0     0     0     0   95
23:26:05       3   100    0    0    0    0    0     0     0     0    0
23:26:05       4    99    0    1    0    0    0     0     0     0    0
23:26:05       5   100    0    0    0    0    0     0     0     0    0
23:26:05       6   100    0    0    0    0    0     0     0     0    0
23:26:05       7     1    0    0    0    0    0     0     0     0   98
23:26:06       0     0    0    1    0    0    0     0     0     0   98
23:26:06       1     1    0    1    0    0    0     0     0     0   98
23:26:06       2     7    0    1    0    0    0     0     0     0   91
23:26:06       3    99    0    0    0    0    0     0     0     0    0
23:26:06       4    98    0    1    0    0    0     0     0     0    0
23:26:06       5    99    0    1    0    0    0     0     0     0    0
23:26:06       6    99    0    0    0    0    0     0     0     0    0
23:26:06       7     1    0    0    0    0    0     0     0     0   98

# SINGLE CPU[HYPER] STATISTICS
#Time        Cpu  User Nice  Sys Wait IRQ  Soft Steal Guest NiceG Idle
23:26:07       0     5    1    0    0    0    0     0     0     0   93
23:26:07       1     0    0    0    0    0    0     0     0     0  100
23:26:07       2    15    0    2    0    0    0     0     0     0   82
23:26:07       3    99    0    1    0    0    0     0     0     0    0
23:26:07       4    98    0    2    0    0    0     0     0     0    0
23:26:07       5    98    0    2    0    0    0     0     0     0    0
23:26:07       6   100    0    0    0    0    0     0     0     0    0
23:26:07       7     1    0    2    1    0    0     0     0     0   95
23:26:08       0    29    0    6    0    0    0     0     0     0   64
23:26:08       1     9    0    5    0    0    0     0     0     0   86
23:26:08       2    17    1    3    0    0    0     0     0     0   78
23:26:08       3    98    0    1    0    0    0     0     0     0    0
23:26:08       4   100    0    0    0    0    0     0     0     0    0
23:26:08       5   100    0    0    0    0    0     0     0     0    0
23:26:08       6    98    0    1    0    0    0     0     0     0    0
23:26:08       7     6    1    2    0    0    0     0     0     0   90
23:26:09       0    22    1    2    0    0    0     0     0     0   74
23:26:09       1     2    1    1    0    0    0     0     0     0   95
23:26:09       2    13    0    3    0    0    0     0     0     0   83
23:26:09       3   100    0    0    0    0    0     0     0     0    0
23:26:09       4   100    0    0    0    0    0     0     0     0    0
23:26:09       5    99    0    1    0    0    0     0     0     0    0
23:26:09       6   100    0    0    0    0    0     0     0     0    0
23:26:09       7    13    1    2    0    0    0     0     0     0   83
23:26:10       0     3    0    1    0    0    0     0     0     0   95
23:26:10       1     4    0    2    0    0    0     0     0     0   93
23:26:10       2    32    0    2    1    0    0     0     0     0   64
23:26:10       3    99    0    0    0    0    0     0     0     0    0
23:26:10       4   100    0    0    0    0    0     0     0     0    0
23:26:10       5   100    0    0    0    0    0     0     0     0    0
23:26:10       6   100    0    0    0    0    0     0     0     0    0
23:26:10       7     3    0    1    0    0    0     0     0     0   95
23:26:11       0    20    0    2    0    0    0     0     0     0   77
23:26:11       1    17    2    8    0    0    0     0     0     0   72
23:26:11       2    28    0    3    0    0    0     0     0     0   68
23:26:11       3   100    0    0    0    0    0     0     0     0    0
23:26:11       4   100    0    0    0    0    0     0     0     0    0
23:26:11       5   100    0    0    0    0    0     0     0     0    0
23:26:11       6   100    0    0    0    0    0     0     0     0    0
23:26:11       7     7    0    4    0    0    0     0     0     0   88
23:26:12       0     3    1    1    1    0    0     0     0     0   93
23:26:12       1     3    1    2    0    0    0     0     0     0   93
23:26:12       2     3    0    2    0    0    0     0     0     0   95
23:26:12       3   100    0    0    0    0    0     0     0     0    0
23:26:12       4    99    0    1    0    0    0     0     0     0    0
23:26:12       5   100    0    0    0    0    0     0     0     0    0
23:26:12       6   100    0    0    0    0    0     0     0     0    0
23:26:12       7     2    1    0    0    0    0     0     0     0   96
23:26:13       0     4    0    1    0    0    0     0     0     0   92
23:26:13       1     3    0    1    0    0    0     0     0     0   94
23:26:13       2     3    0    2    0    0    0     0     0     0   94
23:26:13       3   100    0    0    0    0    0     0     0     0    0
23:26:13       4    99    0    0    0    0    0     0     0     0    0
23:26:13       5   100    0    0    0    0    0     0     0     0    0
23:26:13       6   100    0    0    0    0    0     0     0     0    0
23:26:13       7     2    1    2    0    0    0     0     0     0   94
23:26:14       0     1    0    0    0    0    0     0     0     0   98
23:26:14       1     3    0    1    0    0    0     0     0     0   94
23:26:14       2     4    1    1    0    0    0     0     0     0   93
23:26:14       3   100    0    0    0    0    0     0     0     0    0
23:26:14       4   100    0    0    0    0    0     0     0     0    0
23:26:14       5   100    0    0    0    0    0     0     0     0    0
23:26:14       6   100    0    0    0    0    0     0     0     0    0
23:26:14       7     0    0    2    0    0    0     0     0     0   97
23:26:15       0     4    0    5    0    0    0     0     0     0   90
23:26:15       1     6    0    3    0    0    0     0     0     0   90
23:26:15       2    11    0    5    0    0    0     0     0     0   81
23:26:15       3   100    0    0    0    0    0     0     0     0    0
23:26:15       4   100    0    0    0    0    0     0     0     0    0
23:26:15       5   100    0    0    0    0    0     0     0     0    0
23:26:15       6   100    0    0    0    0    0     0     0     0    0
23:26:15       7    10    0    7    0    0    0     0     0     0   82
23:26:16       0     1    1    1    0    0    0     0     0     0   96
23:26:16       1     1    0    2    0    0    0     0     0     0   97
23:26:16       2     5    0    1    0    0    0     0     0     0   94
23:26:16       3   100    0    0    0    0    0     0     0     0    0
23:26:16       4   100    0    0    0    0    0     0     0     0    0
23:26:16       5   100    0    0    0    0    0     0     0     0    0
23:26:16       6   100    0    0    0    0    0     0     0     0    0
23:26:16       7     2    0    0    0    0    0     0     0     0   97
23:26:17       0     1    2    1    0    0    0     0     0     0   95
23:26:17       1     1    0    1    0    0    0     0     0     0   97
23:26:17       2     3    0    1    1    0    0     0     0     0   94
23:26:17       3   100    0    0    0    0    0     0     0     0    0
23:26:17       4   100    0    0    0    0    0     0     0     0    0
23:26:17       5   100    0    0    0    0    0     0     0     0    0
23:26:17       6   100    0    0    0    0    0     0     0     0    0
23:26:17       7     0    1    1    0    0    0     0     0     0   97
23:26:18       0     1    0    0    0    0    0     0     0     0   98
23:26:18       1     0    1    1    0    0    0     0     0     0   97
23:26:18       2    11    1    1    0    0    0     0     0     0   87
23:26:18       3   100    0    0    0    0    0     0     0     0    0
23:26:18       4   100    0    0    0    0    0     0     0     0    0
23:26:18       5   100    0    0    0    0    0     0     0     0    0
23:26:18       6   100    0    0    0    0    0     0     0     0    0
23:26:18       7     1    0    0    0    0    0     0     0     0   98
23:26:19       0     1    0    1    0    0    0     0     0     0   97
23:26:19       1     3    0    0    0    0    0     0     0     0   97
23:26:19       2     1    0    1    0    0    0     0     0     0   97
23:26:19       3   100    0    0    0    0    0     0     0     0    0
23:26:19       4   100    0    0    0    0    0     0     0     0    0
23:26:19       5    99    0    1    0    0    0     0     0     0    0
23:26:19       6   100    0    0    0    0    0     0     0     0    0
23:26:19       7     0    1    1    0    0    0     0     0     0   97
23:26:20       0     3    0    1    0    0    0     0     0     0   96
23:26:20       1     1    0    1    0    0    0     0     0     0   97
23:26:20       2     2    0    1    0    0    0     0     0     0   97
23:26:20       3   100    0    0    0    0    0     0     0     0    0
23:26:20       4    99    0    1    0    0    0     0     0     0    0
23:26:20       5   100    0    0    0    0    0     0     0     0    0
23:26:20       6   100    0    0    0    0    0     0     0     0    0
23:26:20       7     1    1    1    0    0    0     0     0     0   97
23:26:21       0     4    0    2    0    0    0     0     0     0   94
23:26:21       1     3    1    1    0    0    0     0     0     0   92
23:26:21       2     3    1    1    0    0    0     0     0     0   94
23:26:21       3   100    0    0    0    0    0     0     0     0    0
23:26:21       4   100    0    0    0    0    0     0     0     0    0
23:26:21       5   100    0    0    0    0    0     0     0     0    0
23:26:21       6    99    0    1    0    0    0     0     0     0    0
23:26:21       7     5    0    0    0    0    0     0     0     0   92
23:26:22       0     4    0    1    0    0    0     0     0     0   94
23:26:22       1     2    1    4    1    0    0     0     0     0   91
23:26:22       2     3    0    0    0    0    0     0     0     0   94
23:26:22       3   100    0    0    0    0    0     0     0     0    0
23:26:22       4   100    0    0    0    0    0     0     0     0    0
23:26:22       5   100    0    0    0    0    0     0     0     0    0
23:26:22       6   100    0    0    0    0    0     0     0     0    0
23:26:22       7     0    0    1    0    0    0     0     0     0   98
23:26:23       0     2    0    2    0    0    0     0     0     0   95
23:26:23       1     1    0    2    0    0    0     0     0     0   96
23:26:23       2     2    0    2    1    0    0     0     0     0   94
23:26:23       3   100    0    0    0    0    0     0     0     0    0
23:26:23       4   100    0    0    0    0    0     0     0     0    0
23:26:23       5   100    0    0    0    0    0     0     0     0    0
23:26:23       6   100    0    0    0    0    0     0     0     0    0
23:26:23       7     1    0    2    0    0    0     0     0     0   96
23:26:24       0    24    1    0    0    0    0     0     0     0   75
23:26:24       1    74    1    0    0    0    0     0     0     0   25
23:26:24       2     0    0    1    0    0    0     0     0     0   99
23:26:24       3    99    0    0    0    0    0     0     0     0    0
23:26:24       4   100    0    0    0    0    0     0     0     0    0
23:26:24       5     3    0    0    0    0    0     0     0     0   97
23:26:24       6   100    0    0    0    0    0     0     0     0    0
23:26:24       7     0    0    2    0    0    0     0     0     0   97
23:26:25       0     4    0    1    0    0    0     0     0     0   94
23:26:25       1   100    0    0    0    0    0     0     0     0    0
23:26:25       2     2    1    3    0    0    0     0     0     0   93
23:26:25       3   100    0    0    0    0    0     0     0     0    0
23:26:25       4    99    0    0    0    0    0     0     0     0    0
23:26:25       5     3    0    3    0    0    0     0     0     0   94
23:26:25       6   100    0    0    0    0    0     0     0     0    0
23:26:25       7     2    1    3    0    0    0     0     0     0   91
23:26:26       0     2    0    2    0    0    0     0     0     0   95
23:26:26       1   100    0    0    0    0    0     0     0     0    0
23:26:26       2     1    1    2    0    0    0     0     0     0   95
23:26:26       3   100    0    0    0    0    0     0     0     0    0
23:26:26       4   100    0    0    0    0    0     0     0     0    0
23:26:26       5     0    0    1    0    0    0     0     0     0   98
23:26:26       6   100    0    0    0    0    0     0     0     0    0
23:26:26       7     2    0    1    0    0    0     0     0     0   96
23:26:27       0     2    0    1    0    0    0     0     0     0   97
23:26:27       1   100    0    0    0    0    0     0     0     0    0
23:26:27       2     0    0    0    0    0    0     0     0     0  100
23:26:27       3   100    0    0    0    0    0     0     0     0    0
23:26:27       4   100    0    0    0    0    0     0     0     0    0
23:26:27       5     1    0    1    0    0    0     0     0     0   98
23:26:27       6   100    0    0    0    0    0     0     0     0    0
23:26:27       7     0    1    1    0    0    0     0     0     0   97
23:26:28       0     3    1    3    0    0    0     0     0     0   93
23:26:28       1   100    0    0    0    0    0     0     0     0    0
23:26:28       2     2    0    0    1    0    0     0     0     0   93
23:26:28       3   100    0    0    0    0    0     0     0     0    0
23:26:28       4   100    0    0    0    0    0     0     0     0    0
23:26:28       5     1    0    1    0    0    0     0     0     0   97
23:26:28       6   100    0    0    0    0    0     0     0     0    0
23:26:28       7     1    0    3    0    0    0     0     0     0   93

# SINGLE CPU[HYPER] STATISTICS
#Time        Cpu  User Nice  Sys Wait IRQ  Soft Steal Guest NiceG Idle
23:26:29       0    24    0    1    0    0    0     0     0     0   74
23:26:29       1   100    0    0    0    0    0     0     0     0    0
23:26:29       2     5    1    0    0    0    0     0     0     0   93
23:26:29       3   100    0    0    0    0    0     0     0     0    0
23:26:29       4    81    0    1    0    0    0     0     0     0   18
23:26:29       5     2    0    1    0    0    0     0     0     0   97
23:26:29       6   100    0    0    0    0    0     0     0     0    0
23:26:29       7     0    0    1    0    0    0     0     0     0   98
23:26:30       0   100    0    0    0    0    0     0     0     0    0
23:26:30       1   100    0    0    0    0    0     0     0     0    0
23:26:30       2     3    0    1    0    0    0     0     0     0   94
23:26:30       3   100    0    0    0    0    0     0     0     0    0
23:26:30       4     1    0    2    0    0    0     0     0     0   96
23:26:30       5     1    0    2    0    0    0     0     0     0   95
23:26:30       6   100    0    0    0    0    0     0     0     0    0
23:26:30       7     3    1    2    0    0    0     0     0     0   93
23:26:31       0   100    0    0    0    0    0     0     0     0    0
23:26:31       1    99    0    0    0    0    0     0     0     0    0
23:26:31       2     2    0    2    0    0    0     0     0     0   96
23:26:31       3   100    0    0    0    0    0     0     0     0    0
23:26:31       4     2    2    1    0    0    0     0     0     0   95
23:26:31       5     0    0    1    0    0    0     0     0     0   98
23:26:31       6   100    0    0    0    0    0     0     0     0    0
23:26:31       7     3    0    2    0    0    0     0     0     0   94
23:26:32       0   100    0    0    0    0    0     0     0     0    0
23:26:32       1   100    0    0    0    0    0     0     0     0    0
23:26:32       2     1    0    1    0    0    0     0     0     0   97
23:26:32       3   100    0    0    0    0    0     0     0     0    0
23:26:32       4     0    0    2    0    0    0     0     0     0   97
23:26:32       5     3    2    0    0    0    0     0     0     0   95
23:26:32       6   100    0    0    0    0    0     0     0     0    0
23:26:32       7     2    1    1    0    0    0     0     0     0   95
23:26:33       0   100    0    0    0    0    0     0     0     0    0
23:26:33       1    99    0    1    0    0    0     0     0     0    0
23:26:33       2     1    0    0    0    0    0     0     0     0   98
23:26:33       3   100    0    0    0    0    0     0     0     0    0
23:26:33       4     1    0    1    0    0    0     0     0     0   97
23:26:33       5     1    0    1    0    0    0     0     0     0   97
23:26:33       6   100    0    0    0    0    0     0     0     0    0
23:26:33       7     1    1    2    0    0    0     0     0     0   96
23:26:34       0    89    0    3    0    0    0     0     0     0    8
23:26:34       1    89    0    1    0    0    0     0     0     0    8
23:26:34       2     1    0    0    0    0    0     0     0     0   99
23:26:34       3    90    0   10    0    0    0     0     0     0    0
23:26:34       4     0    0    1    0    0    0     0     0     0   97
23:26:34       5     0    0    0    0    0    0     0     0     0   98
23:26:34       6    89    0    3    0    0    0     0     0     0    8
23:26:34       7     1    0    0    0    0    0     0     0     0   99
23:26:35       0    67    0    2    0    0    0     0     0     0   30
23:26:35       1    68    0    0    0    0    0     0     0     0   31
23:26:35       2     0    1    0    0    0    0     0     0     0   99
23:26:35       3    90    0    9    0    0    0     0     0     0    0
23:26:35       4     0    0    1    0    0    0     0     0     0   98
23:26:35       5     1    0    0    0    0    0     0     0     0   98
23:26:35       6    67    0    2    0    0    0     0     0     0   30
23:26:35       7     0    0    0    0    0    0     0     0     0  100
23:26:36       0    99    0    0    0    0    0     0     0     0    0
23:26:36       1    99    0    0    0    0    0     0     0     0    0
23:26:36       2     1    0    0    0    0    0     0     0     0   98
23:26:36       3   100    0    0    0    0    0     0     0     0    0
23:26:36       4     1    0    0    0    0    0     0     0     0   99
23:26:36       5     0    0    1    0    0    0     0     0     0   99
23:26:36       6    99    0    0    0    0    0     0     0     0    0
23:26:36       7     2    0    0    0    0    0     0     0     0   98
23:26:37       0   100    0    0    0    0    0     0     0     0    0
23:26:37       1   100    0    0    0    0    0     0     0     0    0
23:26:37       2     0    0    0    0    0    0     0     0     0  100
23:26:37       3   100    0    0    0    0    0     0     0     0    0
23:26:37       4     1    0    0    0    0    0     0     0     0   98
23:26:37       5     1    0    1    0    0    0     0     0     0   98
23:26:37       6   100    0    0    0    0    0     0     0     0    0
23:26:37       7     0    0    1    0    0    0     0     0     0   98
23:26:38       0   100    0    0    0    0    0     0     0     0    0
23:26:38       1   100    0    0    0    0    0     0     0     0    0
23:26:38       2     7    0    3    0    0    0     0     0     0   86
23:26:38       3   100    0    0    0    0    0     0     0     0    0
23:26:38       4    32    0    0    0    0    0     0     0     0   67
23:26:38       5    15    0    1    0    0    0     0     0     0   84
23:26:38       6   100    0    0    0    0    0     0     0     0    0
23:26:38       7     5    1    7    0    0    0     0     0     0   86
23:26:39       0    99    0    0    0    0    0     0     0     0    0
23:26:39       1   100    0    0    0    0    0     0     0     0    0
23:26:39       2     4   38    0    0    0    0     0     0     0   57
23:26:39       3    99    0    1    0    0    0     0     0     0    0
23:26:39       4    14    3    2    0    0    0     0     0     0   81
23:26:39       5    12   42    1    0    0    0     0     0     0   43
23:26:39       6    99    0    0    0    0    0     0     0     0    0
23:26:39       7     9    6    1    0    0    0     0     0     0   83
23:26:40       0   100    0    0    0    0    0     0     0     0    0
23:26:40       1   100    0    0    0    0    0     0     0     0    0
23:26:40       2     1   11    1    0    0    0     0     0     0   86
23:26:40       3   100    0    0    0    0    0     0     0     0    0
23:26:40       4     3    3    1    1    0    0     0     0     0   92
23:26:40       5     2   72    0    0    0    0     0     0     0   25
23:26:40       6   100    0    0    0    0    0     0     0     0    0
23:26:40       7     3    9    0    0    0    0     0     0     0   85
23:26:41       0   100    0    0    0    0    0     0     0     0    0
23:26:41       1   100    0    0    0    0    0     0     0     0    0
23:26:41       2     1   11    2    0    0    0     0     0     0   86
23:26:41       3   100    0    0    0    0    0     0     0     0    0
23:26:41       4     1    0    1    1    0    0     0     0     0   96
23:26:41       5    12   16    2    0    0    0     0     0     0   70
23:26:41       6   100    0    0    0    0    0     0     0     0    0
23:26:41       7     5    0    2    1    0    0     0     0     0   92
23:26:42       0   100    0    0    0    0    0     0     0     0    0
23:26:42       1   100    0    0    0    0    0     0     0     0    0
23:26:42       2     0    0    0    1    0    0     0     0     0   98
23:26:42       3   100    0    0    0    0    0     0     0     0    0
23:26:42       4     1    0    1    1    0    0     0     0     0   97
23:26:42       5     0    0    1    0    0    0     0     0     0   98
23:26:42       6   100    0    0    0    0    0     0     0     0    0
23:26:42       7     8    0    1    0    0    0     0     0     0   90
23:26:43       0   100    0    0    0    0    0     0     0     0    0
23:26:43       1   100    0    0    0    0    0     0     0     0    0
23:26:43       2     8    0    1    0    0    0     0     0     0   90
23:26:43       3   100    0    0    0    0    0     0     0     0    0
23:26:43       4     1    0    1    0    0    0     0     0     0   98
23:26:43       5     0    0    0    0    0    0     0     0     0  100
23:26:43       6   100    0    0    0    0    0     0     0     0    0
23:26:43       7     1    0    0    0    0    0     0     0     0   98
23:26:44       0   100    0    0    0    0    0     0     0     0    0
23:26:44       1   100    0    0    0    0    0     0     0     0    0
23:26:44       2     0    0    0    0    0    0     0     0     0  100
23:26:44       3   100    0    0    0    0    0     0     0     0    0
23:26:44       4     6    0    2    0    0    0     0     0     0   91
23:26:44       5     0    0    1    0    0    0     0     0     0   98
23:26:44       6   100    0    0    0    0    0     0     0     0    0
23:26:44       7     0    0    0    0    0    0     0     0     0  100
23:26:45       0   100    0    0    0    0    0     0     0     0    0
23:26:45       1   100    0    0    0    0    0     0     0     0    0
23:26:45       2    15    0    4    0    0    0     0     0     0   79
23:26:45       3   100    0    0    0    0    0     0     0     0    0
23:26:45       4    10    0    2    0    0    0     0     0     0   87
23:26:45       5     9    0    6    0    0    0     0     0     0   84
23:26:45       6   100    0    0    0    0    0     0     0     0    0
23:26:45       7    10    0    3    0    0    1     0     0     0   85
23:26:46       0   100    0    0    0    0    0     0     0     0    0
23:26:46       1   100    0    0    0    0    0     0     0     0    0
23:26:46       2     4    0    1    0    0    0     0     0     0   95
23:26:46       3   100    0    0    0    0    0     0     0     0    0
23:26:46       4     4    0    2    0    0    0     0     0     0   93
23:26:46       5     7    0    1    0    0    0     0     0     0   91
23:26:46       6   100    0    0    0    0    0     0     0     0    0
23:26:46       7     5    0    1    0    0    0     0     0     0   93
23:26:47       0    93    0    0    0    0    0     0     0     0    7
23:26:47       1   100    0    0    0    0    0     0     0     0    0
23:26:47       2     5    0    9    0    0    0     0     0     0   84
23:26:47       3    64    0    3    0    0    0     0     0     0   32
23:26:47       4     3    0    5    0    0    0     0     0     0   90
23:26:47       5    15    0    8    0    0    0     0     0     0   75
23:26:47       6   100    0    0    0    0    0     0     0     0    0
23:26:47       7    44    0    0    0    0    0     0     0     0   54
23:26:48       0    99    0    1    0    0    0     0     0     0    0
23:26:48       1   100    0    0    0    0    0     0     0     0    0
23:26:48       2     1    0    0    0    0    0     0     0     0   97
23:26:48       3     1    0    1    0    0    0     0     0     0   97
23:26:48       4     1    0    0    1    0    0     0     0     0   98
23:26:48       5     0    0    1    0    0    0     0     0     0   98
23:26:48       6   100    0    0    0    0    0     0     0     0    0
23:26:48       7   100    0    0    0    0    0     0     0     0    0
23:26:49       0   100    0    0    0    0    0     0     0     0    0
23:26:49       1   100    0    0    0    0    0     0     0     0    0
23:26:49       2     0    0    1    0    0    0     0     0     0   99
23:26:49       3     0    0    1    0    0    0     0     0     0   99
23:26:49       4     1    0    0    0    0    0     0     0     0   98
23:26:49       5     1    0    1    0    0    0     0     0     0   98
23:26:49       6   100    0    0    0    0    0     0     0     0    0
23:26:49       7   100    0    0    0    0    0     0     0     0    0
23:26:50       0    98    0    2    0    0    0     0     0     0    0
23:26:50       1   100    0    0    0    0    0     0     0     0    0
23:26:50       2     0    0    1    0    0    0     0     0     0   98
23:26:50       3     0    0    0    0    0    0     0     0     0   97
23:26:50       4     1    0    0    0    0    0     0     0     0   96
23:26:50       5     1    0    0    0    0    0     0     0     0   97
23:26:50       6   100    0    0    0    0    0     0     0     0    0
23:26:50       7    99    0    0    0    0    0     0     0     0    0

# SINGLE CPU[HYPER] STATISTICS
#Time        Cpu  User Nice  Sys Wait IRQ  Soft Steal Guest NiceG Idle
23:26:51       0    97    0    2    0    0    0     0     0     0    0
23:26:51       1   100    0    0    0    0    0     0     0     0    0
23:26:51       2     2    0    0    0    0    0     0     0     0   97
23:26:51       3     1    0    1    0    0    0     0     0     0   97
23:26:51       4     2    0    0    0    0    0     0     0     0   97
23:26:51       5     3    0    0    0    0    0     0     0     0   94
23:26:51       6   100    0    0    0    0    0     0     0     0    0
23:26:51       7    99    0    0    0    0    0     0     0     0    0
23:26:52       0    24   12    0    0    0    0     0     0     0   61
23:26:52       1    87    0    0    0    0    0     0     0     0   11
23:26:52       2     1   13    1    0    0    0     0     0     0   85
23:26:52       3    66    0   10    0    0    0     0     0     0   24
23:26:52       4    80    0    1    0    0    0     0     0     0   18
23:26:52       5     1    7    1    0    0    0     0     0     0   90
23:26:52       6    86    0    1    0    0    0     0     0     0   13
23:26:52       7    14   10    0    0    0    0     0     0     0   75
23:26:53       0     0    0    0    0    0    0     0     0     0  100
23:26:53       1    43    0    0    0    0    0     0     0     0   57
23:26:53       2     0   10    0    0    0    0     0     0     0   87
23:26:53       3    67    0   33    0    0    0     0     0     0    0
23:26:53       4    42    0    0    0    0    0     0     0     0   57
23:26:53       5     0    0    0    0    0    0     0     0     0  100
23:26:53       6    43    0    0    0    0    0     0     0     0   57
23:26:53       7     0    0    0    0    0    0     0     0     0  100
23:26:54       0     1    0    1    0    0    0     0     0     0   98
23:26:54       1    99    0    1    0    0    0     0     0     0    0
23:26:54       2     1    0    0    0    0    0     0     0     0   98
23:26:54       3    93    0    7    0    0    0     0     0     0    0
23:26:54       4    99    0    0    0    0    0     0     0     0    0
23:26:54       5     1    0    0    0    0    0     0     0     0   99
23:26:54       6   100    0    0    0    0    0     0     0     0    0
23:26:54       7     1    0    0    0    0    0     0     0     0   98
23:26:55       0     0    0    0    0    0    0     0     0     0  100
23:26:55       1    27    0    1    0    0    0     0     0     0   71
23:26:55       2     3    0    0    0    0    0     0     0     0   97
23:26:55       3    58    0   42    0    0    0     0     0     0    0
23:26:55       4    32    0    1    0    0    0     0     0     0   66
23:26:55       5     1    0    2    0    0    0     0     0     0   97
23:26:55       6    30    0    0    0    0    0     0     0     0   68
23:26:55       7     1    0    0    0    0    0     0     0     0   99
23:26:56       0     1    0    0    1    0    0     0     0     0   98
23:26:56       1   100    0    0    0    0    0     0     0     0    0
23:26:56       2     1    0    0    0    0    0     0     0     0   99
23:26:56       3   100    0    0    0    0    0     0     0     0    0
23:26:56       4   100    0    0    0    0    0     0     0     0    0
23:26:56       5     0    0    0    0    0    0     0     0     0  100
23:26:56       6   100    0    0    0    0    0     0     0     0    0
23:26:56       7     0    0    0    0    0    0     0     0     0  100
23:26:57       0     0    0    0    0    0    0     0     0     0  100
23:26:57       1    31    0    0    0    0    0     0     0     0   69
23:26:57       2     0    0    0    0    0    0     0     0     0   98
23:26:57       3    57    0   43    0    0    0     0     0     0    0
23:26:57       4    31    0    0    0    0    0     0     0     0   67
23:26:57       5     1    0    0    0    0    0     0     0     0   99
23:26:57       6    30    0    0    0    0    0     0     0     0   69
23:26:57       7     0    0    0    0    0    0     0     0     0  100
23:26:58       0     0    0    0    0    0    0     0     0     0  100
23:26:58       1   100    0    0    0    0    0     0     0     0    0
23:26:58       2     1    0    0    0    0    0     0     0     0   99
23:26:58       3    99    0    1    0    0    0     0     0     0    0
23:26:58       4   100    0    0    0    0    0     0     0     0    0
23:26:58       5     1    0    1    0    0    0     0     0     0   98
23:26:58       6   100    0    0    0    0    0     0     0     0    0
23:26:58       7     0    0    1    0    0    0     0     0     0   99
23:26:59       0     0    0    0    0    0    0     0     0     0   99
23:26:59       1    39    0    0    0    0    0     0     0     0   60
23:26:59       2     0    0    0    0    0    0     0     0     0  100
23:26:59       3    45    0   54    0    0    0     0     0     0    0
23:26:59       4    39    0    1    0    0    0     0     0     0   60
23:26:59       5     1    0    0    0    0    0     0     0     0   99
23:26:59       6    39    0    1    0    0    0     0     0     0   60
23:26:59       7     0    0    0    0    0    0     0     0     0  100
23:27:00       0     0    0    1    0    0    0     0     0     0   98
23:27:00       1    69    0    0    0    0    0     0     0     0   31
23:27:00       2     0    0    0    0    0    0     0     0     0   98
23:27:00       3    82    0   17    0    0    0     0     0     0    0
23:27:00       4    69    0    0    0    0    0     0     0     0   31
23:27:00       5     0    0    0    0    0    0     0     0     0  100
23:27:00       6    69    0    0    0    0    0     0     0     0   31
23:27:00       7     0    0    0    0    0    0     0     0     0  100
23:27:01       0     3    0    1    0    0    0     0     0     0   96
23:27:01       1    76    0    0    0    0    0     0     0     0   24
23:27:01       2    29    0    2    0    0    0     0     0     0   68
23:27:01       3    83    0   17    0    0    0     0     0     0    0
23:27:01       4    78    0    1    0    0    0     0     0     0   21
23:27:01       5     0    0    1    0    0    0     0     0     0   98
23:27:01       6    86    0    1    0    0    0     0     0     0   13
23:27:01       7     1    0    0    0    0    0     0     0     0   99
23:27:02       0     1    0    0    0    0    0     0     0     0   99
23:27:02       1    61    0    0    0    0    0     0     0     0   39
23:27:02       2     1    0    1    0    0    0     0     0     0   98
23:27:02       3    82    0   17    0    0    0     0     0     0    0
23:27:02       4    60    0    0    0    0    0     0     0     0   40
23:27:02       5     2    0    0    0    0    0     0     0     0   98
23:27:02       6    61    0    0    0    0    0     0     0     0   39
23:27:02       7     0    0    0    0    0    0     0     0     0   97
23:27:03       0     0    0    0    0    0    0     0     0     0  100
23:27:03       1    86    0    1    0    0    0     0     0     0   13
23:27:03       2     0    0    0    0    0    0     0     0     0  100
23:27:03       3    86    0   13    0    0    0     0     0     0    0
23:27:03       4    88    0    0    0    0    0     0     0     0   10
23:27:03       5     0    0    1    0    0    0     0     0     0   99
23:27:03       6    86    0    0    0    0    0     0     0     0   12
23:27:03       7     0    0    0    0    0    0     0     0     0  100
23:27:04       0     1    0    0    0    0    0     0     0     0   98
23:27:04       1    64    0    0    0    0    0     0     0     0   36
23:27:04       2     1    0    0    0    0    0     0     0     0   98
23:27:04       3    88    0   12    0    0    0     0     0     0    0
23:27:04       4    64    0    0    0    0    0     0     0     0   36
23:27:04       5     0    0    1    0    0    0     0     0     0   99
23:27:04       6    64    0    0    0    0    0     0     0     0   36
23:27:04       7     0    1    1    0    0    0     0     0     0   98
23:27:05       0     1    0    0    0    0    0     0     0     0   98
23:27:05       1    84    0    1    0    0    0     0     0     0   15
23:27:05       2     1    0    0    0    0    0     0     0     0   99
23:27:05       3    87    0   13    0    0    0     0     0     0    0
23:27:05       4    84    0    1    0    0    0     0     0     0   15
23:27:05       5     2    0    2    0    0    0     0     0     0   96
23:27:05       6    82    0    1    0    0    0     0     0     0   16
23:27:05       7     2    1    1    0    0    0     0     0     0   96
23:27:06       0     0    0    0    0    0    0     0     0     0  100
23:27:06       1    67    0    0    0    0    0     0     0     0   33
23:27:06       2     0    0    0    0    0    0     0     0     0   97
23:27:06       3    88    0   12    0    0    0     0     0     0    0
23:27:06       4    67    0    0    0    0    0     0     0     0   33
23:27:06       5     0    0    0    0    0    0     0     0     0  100
23:27:06       6    66    0    0    0    0    0     0     0     0   33
23:27:06       7     1    0    0    1    0    0     0     0     0   98
23:27:07       0     0    0    0    0    0    0     0     0     0  100
23:27:07       1    79    0    0    0    0    0     0     0     0   19
23:27:07       2     0    0    0    0    0    0     0     0     0  100
23:27:07       3    79    0   21    0    0    0     0     0     0    0
23:27:07       4    80    0    0    0    0    0     0     0     0   19
23:27:07       5     0    0    1    0    0    0     0     0     0   99
23:27:07       6    79    1    2    0    0    0     0     0     0   18
23:27:07       7     0    0    0    0    0    0     0     0     0  100
23:27:08       0     0    0    1    0    0    0     0     0     0   99
23:27:08       1    69    0    0    0    0    0     0     0     0   31
23:27:08       2     0    0    1    0    0    0     0     0     0   98
23:27:08       3    89    0   11    0    0    0     0     0     0    0
23:27:08       4    69    0    0    0    0    0     0     0     0   31
23:27:08       5     0    0    0    1    0    0     0     0     0   99
23:27:08       6    69    0    0    0    0    0     0     0     0   31
23:27:08       7     0    0    1    0    0    0     0     0     0   98
23:27:09       0     0    0    0    0    0    0     0     0     0  100
23:27:09       1    78    0    1    0    0    0     0     0     0   20
23:27:09       2     0    0    0    0    0    0     0     0     0  100
23:27:09       3    77    0   23    0    0    0     0     0     0    0
23:27:09       4    81    0    0    0    0    0     0     0     0   19
23:27:09       5     1    0    1    0    0    0     0     0     0   97
23:27:09       6    78    0    0    0    0    0     0     0     0   22
23:27:09       7     0    0    0    0    0    0     0     0     0  100
23:27:10       0     1    0    0    0    0    0     0     0     0   99
23:27:10       1    71    0    0    0    0    0     0     0     0   29
23:27:10       2     1    0    0    0    0    0     0     0     0   99
23:27:10       3    91    0    9    0    0    0     0     0     0    0
23:27:10       4    70    0    0    0    0    0     0     0     0   29
23:27:10       5     0    0    0    0    0    0     0     0     0  100
23:27:10       6    71    0    0    0    0    0     0     0     0   29
23:27:10       7     1    0    0    0    0    0     0     0     0   97
23:27:11       0     0    0    0    0    0    0     0     0     0  100
23:27:11       1    77    0    0    0    0    0     0     0     0   23
23:27:11       2     3    0    1    0    0    0     0     0     0   96
23:27:11       3    76    0   24    0    0    0     0     0     0    0
23:27:11       4    78    0    1    0    0    0     0     0     0   21
23:27:11       5     1    0    0    0    0    0     0     0     0   98
23:27:11       6    76    0    2    0    0    0     0     0     0   22
23:27:11       7     1    0    0    0    0    0     0     0     0   98
23:27:12       0     1    1    0    0    0    0     0     0     0   98
23:27:12       1    74    0    0    0    0    0     0     0     0   26
23:27:12       2     0    0    1    0    0    0     0     0     0   98
23:27:12       3    96    0    4    0    0    0     0     0     0    0
23:27:12       4    74    0    0    0    0    0     0     0     0   25
23:27:12       5     1    0    0    0    0    0     0     0     0   98
23:27:12       6    74    0    0    0    0    0     0     0     0   26
23:27:12       7     0    0    1    0    0    0     0     0     0   98

# SINGLE CPU[HYPER] STATISTICS
#Time        Cpu  User Nice  Sys Wait IRQ  Soft Steal Guest NiceG Idle
23:27:13       0     1    0    0    0    0    0     0     0     0   96
23:27:13       1    93    0    1    0    0    0     0     0     0    4
23:27:13       2     1    0    0    0    0    0     0     0     0   99
23:27:13       3    86    0    9    0    0    0     0     0     0    4
23:27:13       4    93    0    1    0    0    0     0     0     0    5
23:27:13       5     1    0    0    0    0    0     0     0     0   98
23:27:13       6    95    0    0    0    0    0     0     0     0    5
23:27:13       7     0    0    0    0    0    0     0     0     0  100
23:27:14       0    15    0    5    0    0    0     0     0     0   79
23:27:14       1     6   15    4    0    0    0     0     0     0   75
23:27:14       2     8    0    2    0    0    0     0     0     0   89
23:27:14       3    11   25    5    0    0    0     0     0     0   58
23:27:14       4     7    5    2    1    0    0     0     0     0   84
23:27:14       5     5    8    4    1    0    0     0     0     0   82
23:27:14       6     6    0    5    0    0    0     0     0     0   88
23:27:14       7     7    0    3    0    0    0     0     0     0   89
23:27:15       0     0    0    0    0    0    0     0     0     0   98
23:27:15       1     0    0    1    0    0    0     0     0     0   98
23:27:15       2     1    0    3    0    0    0     0     0     0   96
23:27:15       3     0    0    0    0    0    0     0     0     0   98
23:27:15       4     1    0    1    0    0    0     0     0     0   97
23:27:15       5     0    0    1    0    0    0     0     0     0   97
23:27:15       6     0    7    0    0    0    0     0     0     0   91
23:27:15       7     0    0    1    0    0    0     0     0     0   99
23:27:16       0     0    1    0    0    0    0     0     0     0   98
23:27:16       1     1    0    0    0    0    0     0     0     0   99
23:27:16       2     0    0    1    0    0    0     0     0     0   99
23:27:16       3     0    0    0    0    0    0     0     0     0  100
23:27:16       4     0    0    0    0    0    0     0     0     0  100
23:27:16       5     0    0    0    0    0    0     0     0     0  100
23:27:16       6     1    0    0    0    0    0     0     0     0   99
23:27:16       7     1    0    0    0    0    0     0     0     0   99
23:27:17       0     2    1    0    0    0    0     0     0     0   97
23:27:17       1     0    0    0    0    0    0     0     0     0  100
23:27:17       2     0    0    0    0    0    0     0     0     0  100
23:27:17       3     0    0    0    0    0    0     0     0     0  100
23:27:17       4     0    0    0    0    0    0     0     0     0  100
23:27:17       5     1    0    0    0    0    0     0     0     0   99
23:27:17       6     0    0    0    0    0    0     0     0     0  100
23:27:17       7     0    0    0    0    0    0     0     0     0  100
23:27:18       0     0    0    1    0    0    0     0     0     0   97
23:27:18       1     1    0    1    0    0    0     0     0     0   97
23:27:18       2     1    0    0    0    0    0     0     0     0   97
23:27:18       3     1    0    0    0    0    0     0     0     0   99
23:27:18       4     1    0    1    0    0    0     0     0     0   98
23:27:18       5     1    0    0    0    0    0     0     0     0   97
23:27:18       6     0    0    1    0    0    0     0     0     0   98
23:27:18       7     0    0    1    0    0    0     0     0     0   98
23:27:19       0     0    0    0    0    0    0     0     0     0  100
23:27:19       1     0    0    0    0    0    0     0     0     0  100
23:27:19       2     0    0    0    0    0    0     0     0     0   99
23:27:19       3     0    0    0    0    0    0     0     0     0   98
23:27:19       4     1    0    0    1    0    0     0     0     0   98
23:27:19       5     0    0    0    0    0    0     0     0     0  100
23:27:19       6     1    0    0    0    0    0     0     0     0   99
23:27:19       7     0    0    0    0    0    0     0     0     0  100
23:27:20       0     0    0    0    0    0    0     0     0     0  100
23:27:20       1     2    0    0    0    0    0     0     0     0   97
23:27:20       2     1    0    1    0    0    0     0     0     0   97
23:27:20       3     0    1    1    0    0    0     0     0     0   96
23:27:20       4     0    0    2    0    0    0     0     0     0   96
23:27:20       5     1    0    1    0    0    0     0     0     0   96
23:27:20       6     1    0    0    0    0    0     0     0     0   99
23:27:20       7     3    0    0    0    0    0     0     0     0   96
23:27:21       0     0    0    0    0    0    0     0     0     0  100
23:27:21       1     0    0    0    0    0    0     0     0     0   99
23:27:21       2     1    0    0    0    0    0     0     0     0   98
23:27:21       3     0    0    1    0    0    0     0     0     0   99
23:27:21       4     0    0    0    0    0    0     0     0     0  100
23:27:21       5     0    0    1    0    0    0     0     0     0   98
23:27:21       6     1    0    0    0    0    0     0     0     0   98
23:27:21       7     1    0    0    0    0    0     0     0     0   99
23:27:22       0     0    0    0    0    0    0     0     0     0  100
23:27:22       1     0    0    1    0    0    0     0     0     0   98
23:27:22       2     0    0    0    0    0    0     0     0     0  100
23:27:22       3     1    1    0    0    0    0     0     0     0   98
23:27:22       4     0    0    0    0    0    0     0     0     0   99
23:27:22       5     0    0    0    0    0    0     0     0     0  100
23:27:22       6     0    0    1    0    0    0     0     0     0   98
23:27:22       7     0    0    0    0    0    0     0     0     0  100
23:27:23       0     1    0    0    0    0    0     0     0     0   99
23:27:23       1     0    1    0    0    0    0     0     0     0   98
23:27:23       2     1    0    0    0    0    0     0     0     0   99
23:27:23       3     0    0    0    0    0    0     0     0     0   99
23:27:23       4     0    0    0    0    0    0     0     0     0  100
23:27:23       5     0    0    0    0    0    0     0     0     0  100
23:27:23       6     1    0    0    0    0    0     0     0     0   99
23:27:23       7     0    0    0    0    0    0     0     0     0  100
23:27:24       0     0    0    1    0    0    0     0     0     0   99
23:27:24       1     0    0    1    0    0    0     0     0     0   99
23:27:24       2     0    0    0    0    0    0     0     0     0  100
23:27:24       3     0    0    0    0    0    0     0     0     0  100
23:27:24       4     1    0    0    1    0    0     0     0     0   98
23:27:24       5     0    0    0    0    0    0     0     0     0  100
23:27:24       6     0    0    1    0    0    0     0     0     0   99
23:27:24       7     0    1    0    0    0    0     0     0     0   99
23:27:25       0     0    0    1    0    0    0     0     0     0   99
23:27:25       1     0    0    0    0    0    0     0     0     0  100
23:27:25       2     1    0    4    0    0    0     0     0     0   95
23:27:25       3     0    0    0    0    0    0     0     0     0  100
23:27:25       4     0    0    1    0    0    0     0     0     0   98
23:27:25       5     1    0    1    0    0    0     0     0     0   97
23:27:25       6     1    0    0    0    0    0     0     0     0   98
23:27:25       7     1    0    0    0    0    0     0     0     0   98
23:27:26       0     0    0    0    0    0    0     0     0     0  100
23:27:26       1     1    0    0    0    0    0     0     0     0   99
23:27:26       2     0    0    0    0    0    0     0     0     0  100
23:27:26       3     0   25    2    0    0    0     0     0     0   73
23:27:26       4     0    0    0    0    0    0     0     0     0   98
23:27:26       5     0    0    0    0    0    0     0     0     0   99
23:27:26       6     0    0    0    0    0    0     0     0     0   99
23:27:26       7     0    0    0    0    0    0     0     0     0  100
23:27:27       0     0    0    0    0    0    0     0     0     0   98
23:27:27       1     1    1    0    0    0    0     0     0     0   98
23:27:27       2     0    0    0    0    0    0     0     0     0  100
23:27:27       3     0    0    0    0    0    0     0     0     0  100
23:27:27       4     0    0    0    0    0    0     0     0     0  100
23:27:27       5     0    0    0    0    0    0     0     0     0  100
23:27:27       6     0    0    0    0    0    0     0     0     0   98
23:27:27       7     0    0    0    0    0    0     0     0     0  100
23:27:28       0     0    0    0    0    0    0     0     0     0  100
23:27:28       1     1    0    0    0    0    0     0     0     0   99
23:27:28       2     0    1    0    0    0    0     0     0     0   99
23:27:28       3     1    0    0    0    0    0     0     0     0   99
23:27:28       4     0    0    0    0    0    0     0     0     0  100
23:27:28       5     0    0    0    0    0    0     0     0     0  100
23:27:28       6     1    0    0    0    0    0     0     0     0   99
23:27:28       7     0    0    0    0    0    0     0     0     0   98
23:27:29       0     0    0    0    0    0    0     0     0     0   98
23:27:29       1     0    0    1    0    0    0     0     0     0   99
23:27:29       2     1    0    0    0    0    0     0     0     0   96
23:27:29       3     0    0    0    0    0    0     0     0     0  100
23:27:29       4     1    0    1    1    0    0     0     0     0   97
23:27:29       5     0    0    0    0    0    0     0     0     0  100
23:27:29       6     0    0    0    1    0    0     0     0     0   98
23:27:29       7     0    0    0    0    0    0     0     0     0  100
23:27:30       0     0    0    0    0    0    0     0     0     0  100
23:27:30       1     0    0    0    0    0    0     0     0     0  100
23:27:30       2     0    2    0    0    0    0     0     0     0   98
23:27:30       3     0    0    1    0    0    0     0     0     0   99
23:27:30       4     1    0    0    0    0    0     0     0     0   99
23:27:30       5     2    0    1    0    0    0     0     0     0   97
23:27:30       6     1    0    0    0    0    0     0     0     0   97
23:27:30       7     0    0    0    0    0    0     0     0     0   99
23:27:31       0     0    0    0    0    0    0     0     0     0   98
23:27:31       1     1    0    0    0    0    0     0     0     0   99
23:27:31       2     2    0    0    0    0    0     0     0     0   98
23:27:31       3     1    0    0    0    0    0     0     0     0   99
23:27:31       4     0    0    1    0    0    0     0     0     0   99
23:27:31       5     0    0    0    0    0    0     0     0     0  100
23:27:31       6     1    0    0    0    0    0     0     0     0   98
23:27:31       7     0    1    0    0    0    0     0     0     0   98
23:27:32       0     0    1    0    0    0    0     0     0     0   99
23:27:32       1     0    0    0    0    0    0     0     0     0   99
23:27:32       2     0    0    0    0    0    0     0     0     0  100
23:27:32       3     1    0    0    0    0    0     0     0     0   99
23:27:32       4     1    0    0    0    0    0     0     0     0   99
23:27:32       5     0    0    0    0    0    0     0     0     0  100
23:27:32       6     1    0    0    0    0    0     0     0     0   99
23:27:32       7     0    0    0    0    0    0     0     0     0  100
23:27:33       0     0    0    0    0    0    0     0     0     0  100
23:27:33       1     1    0    0    0    0    0     0     0     0   99
23:27:33       2     0    0    0    0    0    0     0     0     0  100
23:27:33       3     0    0    0    0    0    0     0     0     0  100
23:27:33       4     0    0    1    0    0    0     0     0     0   99
23:27:33       5     0    0    1    0    0    0     0     0     0   99
23:27:33       6     0    0    0    0    0    0     0     0     0  100
23:27:33       7     0    0    0    0    0    0     0     0     0  100
23:27:34       0     0    0    0    0    0    0     0     0     0   98
23:27:34       1     0    0    0    0    0    0     0     0     0  100
23:27:34       2     0    0    1    0    0    0     0     0     0   99
23:27:34       3     0    0    0    0    0    0     0     0     0   97
23:27:34       4     1    0    0    1    0    0     0     0     0   98
23:27:34       5     0    0    0    0    0    0     0     0     0  100
23:27:34       6     0    0    1    0    0    0     0     0     0   99
23:27:34       7     0    0    0    0    0    0     0     0     0   98

# SINGLE CPU[HYPER] STATISTICS
#Time        Cpu  User Nice  Sys Wait IRQ  Soft Steal Guest NiceG Idle
23:27:35       0     1    0    0    0    0    0     0     0     0   99
23:27:35       1     0    0    0    0    0    0     0     0     0   98
23:27:35       2     1    0    0    0    0    0     0     0     0   99
23:27:35       3     1    0    0    0    0    0     0     0     0   99
23:27:35       4     0    0    1    0    0    0     0     0     0   98
23:27:35       5     1    0    0    0    0    0     0     0     0   98
23:27:35       6     1    0    0    0    0    0     0     0     0   99
23:27:35       7     0    0    1    0    0    0     0     0     0   98
23:27:36       0     1    0    0    0    0    0     0     0     0   99
23:27:36       1     0    0    0    0    0    0     0     0     0  100
23:27:36       2     0    0    1    0    0    0     0     0     0   99
23:27:36       3     1    0    0    0    0    0     0     0     0   99
23:27:36       4     0    1    0    0    0    0     0     0     0   99
23:27:36       5     1    0    0    0    0    0     0     0     0   99
23:27:36       6     1    0    0    0    0    0     0     0     0   98
23:27:36       7     0    0    1    0    0    0     0     0     0   99
23:27:37       0     0    0    1    0    0    0     0     0     0   99
23:27:37       1     1    0    0    0    0    0     0     0     0   99
23:27:37       2     1    0    0    0    0    0     0     0     0   99
23:27:37       3     0    1    0    0    0    0     0     0     0   98
23:27:37       4     0    0    1    0    0    0     0     0     0   99
23:27:37       5     1    0    0    0    0    0     0     0     0   99
23:27:37       6     0    0    0    0    0    0     0     0     0  100
23:27:37       7     0    0    1    0    0    0     0     0     0   98
23:27:38       0     0    0    0    0    0    0     0     0     0  100
23:27:38       1     0    0    1    0    0    0     0     0     0   98
23:27:38       2     0    0    0    0    0    0     0     0     0  100
23:27:38       3     0    0    0    0    0    0     0     0     0   98
23:27:38       4     0    0    1    0    0    0     0     0     0   99
23:27:38       5     1    0    1    0    0    0     0     0     0   98
23:27:38       6     0    0    1    0    0    0     0     0     0   99
23:27:38       7     0    0    0    0    0    0     0     0     0   99
23:27:39       0     0    0    0    0    0    0     0     0     0  100
23:27:39       1     0    0    0    0    0    0     0     0     0  100
23:27:39       2     0    0    0    0    0    0     0     0     0  100
23:27:39       3     0    1    0    0    0    0     0     0     0   99
23:27:39       4     1    0    0    1    0    0     0     0     0   98
23:27:39       5     0    0    0    0    0    0     0     0     0   97
23:27:39       6     1    0    0    0    0    0     0     0     0   99
23:27:39       7     1    0    0    0    0    0     0     0     0   99
23:27:40       0     0    0    0    0    0    0     0     0     0   98
23:27:40       1     1    0    0    0    0    0     0     0     0   98
23:27:40       2     0    0    1    0    0    0     0     0     0   98
23:27:40       3     0    0    0    0    0    0     0     0     0  100
23:27:40       4     0    0    1    0    0    0     0     0     0   98
23:27:40       5     1    0    0    0    0    0     0     0     0   99
23:27:40       6     1    0    0    0    0    0     0     0     0   99
23:27:40       7     0    0    0    0    0    0     0     0     0  100
23:27:41       0     0    0    0    0    0    0     0     0     0  100
23:27:41       1     1    0    0    0    0    0     0     0     0   99
23:27:41       2     1    0    0    0    0    0     0     0     0   99
23:27:41       3     0    0    0    0    0    0     0     0     0  100
23:27:41       4     0    0    0    0    0    0     0     0     0  100
23:27:41       5     1    0    0    0    0    0     0     0     0   99
23:27:41       6     1    0    0    0    0    0     0     0     0   99
23:27:41       7     0    0    0    0    0    0     0     0     0   98
23:27:42       0     0    0    0    0    0    0     0     0     0  100
23:27:42       1     0    0    0    0    0    0     0     0     0  100
23:27:42       2     0    0    0    0    0    0     0     0     0  100
23:27:42       3     0    0    1    0    0    0     0     0     0   99
23:27:42       4     1    0    0    0    0    0     0     0     0   99
23:27:42       5     0    1    0    0    0    0     0     0     0   99
23:27:42       6     0    0    1    0    0    0     0     0     0   99
23:27:42       7     0    0    0    0    0    0     0     0     0  100
23:27:43       0     1    0    0    0    0    0     0     0     0   99
23:27:43       1     0    0    1    0    0    0     0     0     0   99
23:27:43       2     1    0    0    0    0    0     0     0     0   99
23:27:43       3     0    0    0    0    0    0     0     0     0  100
23:27:43       4     1    0    0    0    0    0     0     0     0   99
23:27:43       5     0    0    0    0    0    0     0     0     0  100
23:27:43       6     0    0    0    0    0    0     0     0     0   98
23:27:43       7     0    1    0    0    0    0     0     0     0   98
23:27:44       0     1    0    0    0    0    0     0     0     0   99
23:27:44       1     0    0    0    0    0    0     0     0     0  100
23:27:44       2     1    0    0    0    0    0     0     0     0   99
23:27:44       3     1    0    1    0    0    0     0     0     0   98
23:27:44       4     1    0    0    0    0    0     0     0     0   99
23:27:44       5     0    0    0    1    0    0     0     0     0   98
23:27:44       6     0    0    0    0    0    0     0     0     0  100
23:27:44       7     1    1    0    0    0    0     0     0     0   98
23:27:45       0     1    0    3    0    0    0     0     0     0   96
23:27:45       1     1    0    0    0    0    0     0     0     0   96
23:27:45       2     1    0    0    0    0    0     0     0     0   98
23:27:45       3     0    0    1    0    0    0     0     0     0   99
23:27:45       4     0    0    1    0    0    0     0     0     0   98
23:27:45       5     3    0    1    0    0    0     0     0     0   96
23:27:45       6     0    0    0    0    0    0     0     0     0   98
23:27:45       7     0    0    0    0    0    0     0     0     0   97
23:27:46       0     0    0    0    0    0    0     0     0     0  100
23:27:46       1     0    0    0    0    0    0     0     0     0  100
23:27:46       2     1    0    0    0    0    0     0     0     0   99
23:27:46       3     1    0    0    0    0    0     0     0     0   98
23:27:46       4     0    0    0    0    0    0     0     0     0  100
23:27:46       5     0    0    1    0    0    0     0     0     0   99
23:27:46       6     1    1    0    0    0    0     0     0     0   98
23:27:46       7     0    0    0    0    0    0     0     0     0  100
23:27:47       0     1    7    1    0    0    0     0     0     0   91
23:27:47       1     0    0    1    0    0    0     0     0     0   98
23:27:47       2     2   11    2    0    0    0     0     0     0   85
23:27:47       3     1   10    1    0    0    0     0     0     0   88
23:27:47       4     3    1    1    0    0    0     0     0     0   92
23:27:47       5     4   12    1    0    0    0     0     0     0   79
23:27:47       6     1    5    0    0    0    0     0     0     0   93
23:27:47       7     8    1    2    0    0    0     0     0     0   89
23:27:48       0     0    0    0    0    0    0     0     0     0  100
23:27:48       1     1    0    0    0    0    0     0     0     0   99
23:27:48       2     0    5    1    0    0    0     0     0     0   94
23:27:48       3    10    0    2    0    0    0     0     0     0   86
23:27:48       4    15    0    4    0    0    0     0     0     0   81
23:27:48       5    18    0    0    0    0    0     0     0     0   80
23:27:48       6     3    0    2    0    0    0     0     0     0   93
23:27:48       7     2    0    2    0    0    0     0     0     0   96
Ouch!
