waiting for 1 second sample...

# SINGLE CPU[HYPER] STATISTICS
#Time        Cpu  User Nice  Sys Wait IRQ  Soft Steal Guest NiceG Idle
23:02:52       0     1    0    0    0    0    0     0     0     0   99
23:02:52       1     1    0   14    0    0    0     0     0     0   83
23:02:52       2    10    9   54    0    0    0     0     0     0   26
23:02:52       3     0    0    0    0    0    0     0     0     0   98
23:02:52       4     0    0    0    0    0    0     0     0     0  100
23:02:52       5     1   17    1    0    0    0     0     0     0   81
23:02:52       6    13    1   18    0    0    0     0     0     0   67
23:02:52       7     1    0    1    0    0    0     0     0     0   97
23:02:53       0    98    0    1    0    0    0     0     0     0    0
23:02:53       1    87    0    1    0    0    0     0     0     0   12
23:02:53       2    15    0    0    0    0    0     0     0     0   84
23:02:53       3     1    0    2    0    0    0     0     0     0   96
23:02:53       4     6    1    1    0    0    0     0     0     0   92
23:02:53       5     0    0    1    0    0    0     0     0     0   98
23:02:53       6    99    0    1    0    0    0     0     0     0    0
23:02:53       7    99    0    1    0    0    0     0     0     0    0
23:02:54       0    99    0    1    0    0    0     0     0     0    0
23:02:54       1    98    0    1    0    0    0     0     0     0    0
23:02:54       2    16    0    1    0    0    0     0     0     0   81
23:02:54       3    78    0    1    0    0    0     0     0     0   19
23:02:54       4     7    0    1    0    0    0     0     0     0   91
23:02:54       5    11    0    1    0    0    0     0     0     0   87
23:02:54       6    84    0    1    0    0    0     0     0     0   15
23:02:54       7    44    0    2    0    0    0     0     0     0   53
23:02:55       0    99    0    1    0    0    0     0     0     0    0
23:02:55       1   100    0    0    0    0    0     0     0     0    0
23:02:55       2    83    0    2    0    0    0     0     0     0   15
23:02:55       3    20    0    1    0    0    0     0     0     0   78
23:02:55       4     3    0    1    0    0    0     0     0     0   95
23:02:55       5     4    0    1    0    0    0     0     0     0   94
23:02:55       6     2    0    4    0    0    0     0     0     0   94
23:02:55       7    99    0    1    0    0    0     0     0     0    0
23:02:56       0   100    0    0    0    0    0     0     0     0    0
23:02:56       1    99    0    1    0    0    0     0     0     0    0
23:02:56       2    99    0    1    0    0    0     0     0     0    0
23:02:56       3     1    0    1    1    0    0     0     0     0   97
23:02:56       4     0    1    0    0    0    0     0     0     0   98
23:02:56       5     7    0    0    0    0    0     0     0     0   91
23:02:56       6     2    0    0    1    0    0     0     0     0   96
23:02:56       7    99    0    1    0    0    0     0     0     0    0
23:02:57       0    97    0    2    0    0    0     0     0     0    0
23:02:57       1    99    0    1    0    0    0     0     0     0    0
23:02:57       2    98    0    1    0    0    0     0     0     0    0
23:02:57       3     1    0    1    0    0    0     0     0     0   97
23:02:57       4     1    0    0    0    0    0     0     0     0   97
23:02:57       5    18    0    2    0    0    0     0     0     0   78
23:02:57       6     6    0    1    0    0    0     0     0     0   91
23:02:57       7    94    0    0    0    0    0     0     0     0    4
23:02:58       0    63    0    6    0    0    0     0     0     0   30
23:02:58       1    62    0    1    0    0    0     0     0     0   37
23:02:58       2    88    0   11    0    0    0     0     0     0    0
23:02:58       3    66    0    8    0    0    0     0     0     0   24
23:02:58       4    36    0    1    0    0    0     0     0     0   63
23:02:58       5    99    0    1    0    0    0     0     0     0    0
23:02:58       6     9    0    3    0    0    0     0     0     0   85
23:02:58       7     8    1    2    0    0    0     0     0     0   88
23:02:59       0    99    0    0    0    0    0     0     0     0    0
23:02:59       1     0    0    2    0    0    0     0     0     0   98
23:02:59       2    99    0    1    0    0    0     0     0     0    0
23:02:59       3   100    0    0    0    0    0     0     0     0    0
23:02:59       4     2    0    0    0    0    0     0     0     0   98
23:02:59       5    98    0    1    0    0    0     0     0     0    0
23:02:59       6     1    0    1    0    0    0     0     0     0   98
23:02:59       7     0    0    1    0    0    0     0     0     0   98
23:03:00       0   100    0    0    0    0    0     0     0     0    0
23:03:00       1     6    0    1    0    0    0     0     0     0   92
23:03:00       2    99    0    1    0    0    0     0     0     0    0
23:03:00       3   100    0    0    0    0    0     0     0     0    0
23:03:00       4     0    0    2    0    0    0     0     0     0   97
23:03:00       5    97    0    1    0    0    2     0     0     0    0
23:03:00       6    13    0    1    0    0    0     0     0     0   84
23:03:00       7    11    0    6    0    0    0     0     0     0   82
23:03:01       0    94    0    5    0    0    0     0     0     0    0
23:03:01       1    13    0    3    0    0    0     0     0     0   81
23:03:01       2    99    0    1    0    0    0     0     0     0    0
23:03:01       3    95    0    5    0    0    0     0     0     0    0
23:03:01       4    42    0    4    1    0    0     0     0     0   52
23:03:01       5    98    0    2    0    0    0     0     0     0    0
23:03:01       6    17    0    7    0    0    0     0     0     0   73
23:03:01       7    43    0    4    1    0    1     0     0     0   51
23:03:02       0   100    0    0    0    0    0     0     0     0    0
23:03:02       1     3    0    5    0    0    0     0     0     0   90
23:03:02       2    99    0    1    0    0    0     0     0     0    0
23:03:02       3   100    0    0    0    0    0     0     0     0    0
23:03:02       4     4    0    2    0    0    0     0     0     0   94
23:03:02       5    88    0    1    0    0   11     0     0     0    0
23:03:02       6     9    0    2    0    0    0     0     0     0   89
23:03:02       7     6    0    6    0    0    0     0     0     0   86
23:03:03       0    95    0    5    0    0    0     0     0     0    0
23:03:03       1     4   18    3    0    0    0     0     0     0   72
23:03:03       2    96    0    4    0    0    0     0     0     0    0
23:03:03       3    95    0    4    0    0    0     0     0     0    0
23:03:03       4     2   18    1    0    0    0     0     0     0   79
23:03:03       5    92    0    0    0    0    7     0     0     0    0
23:03:03       6     4    0    0    0    0    0     0     0     0   95
23:03:03       7     7    5    2    0    0    0     0     0     0   86
23:03:04       0    91    0    9    0    0    0     0     0     0    0
23:03:04       1     2    2    0    0    0    0     0     0     0   96
23:03:04       2   100    0    0    0    0    0     0     0     0    0
23:03:04       3    99    0    1    0    0    0     0     0     0    0
23:03:04       4     0   12    0    0    0    0     0     0     0   87
23:03:04       5    98    0    2    0    0    0     0     0     0    0
23:03:04       6     1    1    0    0    0    0     0     0     0   98
23:03:04       7     0   57    1    0    0    0     0     0     0   41
23:03:05       0    99    0    0    0    0    0     0     0     0    0
23:03:05       1     1    0    1    0    0    0     0     0     0   98
23:03:05       2    98    0    2    0    0    0     0     0     0    0
23:03:05       3    99    0    1    0    0    0     0     0     0    0
23:03:05       4     0    0    2    0    0    0     0     0     0   95
23:03:05       5    99    0    1    0    0    0     0     0     0    0
23:03:05       6     0    0    3    0    0    0     0     0     0   96
23:03:05       7     0    0    0    0    0    0     0     0     0   98
23:03:06       0    93    0    7    0    0    0     0     0     0    0
23:03:06       1     1    0    2    1    0    0     0     0     0   95
23:03:06       2    95    0    5    0    0    0     0     0     0    0
23:03:06       3    96    0    4    0    0    0     0     0     0    0
23:03:06       4     0    0    0    0    0    0     0     0     0  100
23:03:06       5    96    0    4    0    0    0     0     0     0    0
23:03:06       6     1    0    0    0    0    0     0     0     0   99
23:03:06       7     1    0    0    0    0    0     0     0     0   98
23:03:07       0    98    0    1    0    0    0     0     0     0    0
23:03:07       1     0    0    3    0    0    0     0     0     0   96
23:03:07       2    99    0    1    0    0    0     0     0     0    0
23:03:07       3   100    0    0    0    0    0     0     0     0    0
23:03:07       4     1    0    0    0    0    0     0     0     0   97
23:03:07       5    95    0    4    0    0    0     0     0     0    1
23:03:07       6     0    0    0    0    0    0     0     0     0  100
23:03:07       7     5    0    0    0    0    0     0     0     0   93
23:03:08       0   100    0    0    0    0    0     0     0     0    0
23:03:08       1     0    0    0    0    0    0     0     0     0  100
23:03:08       2   100    0    0    0    0    0     0     0     0    0
23:03:08       3   100    0    0    0    0    0     0     0     0    0
23:03:08       4     0    0    0    0    0    0     0     0     0   98
23:03:08       5   100    0    0    0    0    0     0     0     0    0
23:03:08       6     0    0    0    0    0    0     0     0     0   99
23:03:08       7     1    0    0    0    0    0     0     0     0   99
23:03:09       0    93    0    6    0    0    0     0     0     0    0
23:03:09       1    77    1    2    0    0    0     0     0     0   19
23:03:09       2    44   21    2    0    0    0     0     0     0   32
23:03:09       3    55    0    5    0    0    0     0     0     0   37
23:03:09       4     6    2    3    2    0    0     0     0     0   86
23:03:09       5    99    0    0    0    0    0     0     0     0    0
23:03:09       6     6   27    1    0    0    0     0     0     0   65
23:03:09       7    50    0    8    0    0    0     0     0     0   41
23:03:10       0    66    9    1    0    0    0     0     0     0   23
23:03:10       1    53    0    0    0    0    0     0     0     0   45
23:03:10       2    77    1    6    0    0    0     0     0     0   15
23:03:10       3     6    0    0    0    0    0     0     0     0   93
23:03:10       4     1   10    2    0    0    0     0     0     0   87
23:03:10       5   100    0    0    0    0    0     0     0     0    0
23:03:10       6     3    8    1    0    0    0     0     0     0   85
23:03:10       7    91    0    9    0    0    0     0     0     0    0
23:03:11       0    99    0    1    0    0    0     0     0     0    0
23:03:11       1    90    0    0    0    0    0     0     0     0    9
23:03:11       2    99    0    1    0    0    0     0     0     0    0
23:03:11       3     5    0    0    0    0    0     0     0     0   94
23:03:11       4     1    0    0    0    0    0     0     0     0   98
23:03:11       5     5    0    1    0    0    0     0     0     0   94
23:03:11       6     1    0    0    0    0    0     0     0     0   98
23:03:11       7   100    0    0    0    0    0     0     0     0    0
23:03:12       0   100    0    0    0    0    0     0     0     0    0
23:03:12       1   100    0    0    0    0    0     0     0     0    0
23:03:12       2   100    0    0    0    0    0     0     0     0    0
23:03:12       3    11    0    1    1    0    0     0     0     0   86
23:03:12       4     1    0    2    0    0    0     0     0     0   96
23:03:12       5     0    0    2    0    0    0     0     0     0   97
23:03:12       6     0    0    1    0    0    0     0     0     0   98
23:03:12       7   100    0    0    0    0    0     0     0     0    0
23:03:13       0   100    0    0    0    0    0     0     0     0    0
23:03:13       1   100    0    0    0    0    0     0     0     0    0
23:03:13       2    99    0    1    0    0    0     0     0     0    0
23:03:13       3     0    0    1    0    0    0     0     0     0   98
23:03:13       4     1    0    0    0    0    0     0     0     0   98
23:03:13       5     0    0    0    0    0    0     0     0     0   98
23:03:13       6     2    0    0    0    0    0     0     0     0   97
23:03:13       7   100    0    0    0    0    0     0     0     0    0

# SINGLE CPU[HYPER] STATISTICS
#Time        Cpu  User Nice  Sys Wait IRQ  Soft Steal Guest NiceG Idle
23:03:14       0    99    0    0    0    0    0     0     0     0    0
23:03:14       1   100    0    0    0    0    0     0     0     0    0
23:03:14       2   100    0    0    0    0    0     0     0     0    0
23:03:14       3     0    0    0    0    0    0     0     0     0  100
23:03:14       4     0    0    1    0    0    0     0     0     0   99
23:03:14       5     1    0    0    0    0    0     0     0     0   99
23:03:14       6     0    0    1    0    0    0     0     0     0   99
23:03:14       7   100    0    0    0    0    0     0     0     0    0
23:03:15       0    98    0    1    0    0    0     0     0     0    0
23:03:15       1    99    0    1    0    0    0     0     0     0    0
23:03:15       2    98    0    2    0    0    0     0     0     0    0
23:03:15       3     1    0    3    0    0    0     0     0     0   95
23:03:15       4     1    0    0    0    0    0     0     0     0   98
23:03:15       5     1    0    1    1    0    0     0     0     0   97
23:03:15       6     3    0    1    0    0    0     0     0     0   95
23:03:15       7    97    0    3    0    0    0     0     0     0    0
23:03:16       0   100    0    0    0    0    0     0     0     0    0
23:03:16       1   100    0    0    0    0    0     0     0     0    0
23:03:16       2   100    0    0    0    0    0     0     0     0    0
23:03:16       3     0    0    1    0    0    0     0     0     0   99
23:03:16       4     0    0    1    0    0    0     0     0     0   99
23:03:16       5     0    0    0    0    0    0     0     0     0   98
23:03:16       6     2    0    0    0    0    0     0     0     0   97
23:03:16       7   100    0    0    0    0    0     0     0     0    0
23:03:17       0    99    0    0    0    0    0     0     0     0    0
23:03:17       1   100    0    0    0    0    0     0     0     0    0
23:03:17       2    98    0    2    0    0    0     0     0     0    0
23:03:17       3     5    0    1    0    0    0     0     0     0   93
23:03:17       4     5    0    0    0    0    0     0     0     0   94
23:03:17       5     5    0    0    0    0    0     0     0     0   94
23:03:17       6     3    0    1    0    0    0     0     0     0   95
23:03:17       7   100    0    0    0    0    0     0     0     0    0
23:03:18       0    98    0    1    0    0    0     0     0     0    0
23:03:18       1   100    0    0    0    0    0     0     0     0    0
23:03:18       2    99    0    1    0    0    0     0     0     0    0
23:03:18       3     1    0    0    0    0    0     0     0     0   99
23:03:18       4     0    0    1    0    0    0     0     0     0   99
23:03:18       5     0    0    1    0    0    0     0     0     0   99
23:03:18       6     1    0    1    0    0    0     0     0     0   98
23:03:18       7    97    0    3    0    0    0     0     0     0    0
23:03:19       0   100    0    0    0    0    0     0     0     0    0
23:03:19       1    99    0    0    0    0    0     0     0     0    0
23:03:19       2    99    0    1    0    0    0     0     0     0    0
23:03:19       3     0    0    1    1    0    0     0     0     0   97
23:03:19       4     3    0    0    0    0    0     0     0     0   97
23:03:19       5     2    0    0    0    0    0     0     0     0   97
23:03:19       6     1    1    1    0    0    0     0     0     0   96
23:03:19       7    99    0    1    0    0    0     0     0     0    0
23:03:20       0   100    0    0    0    0    0     0     0     0    0
23:03:20       1   100    0    0    0    0    0     0     0     0    0
23:03:20       2    99    0    0    0    0    0     0     0     0    0
23:03:20       3     1    2    1    0    0    0     0     0     0   95
23:03:20       4     1    2    1    0    0    0     0     0     0   96
23:03:20       5     0    0    0    0    0    0     0     0     0  100
23:03:20       6     3    0    0    0    0    0     0     0     0   96
23:03:20       7   100    0    0    0    0    0     0     0     0    0
23:03:21       0   100    0    0    0    0    0     0     0     0    0
23:03:21       1   100    0    0    0    0    0     0     0     0    0
23:03:21       2   100    0    0    0    0    0     0     0     0    0
23:03:21       3     2   16    1    0    0    0     0     0     0   80
23:03:21       4     3   14    0    0    0    0     0     0     0   82
23:03:21       5     1    0    1    0    0    0     0     0     0   96
23:03:21       6     2   15    2    0    0    0     0     0     0   80
23:03:21       7   100    0    0    0    0    0     0     0     0    0
23:03:22       0   100    0    0    0    0    0     0     0     0    0
23:03:22       1   100    0    0    0    0    0     0     0     0    0
23:03:22       2   100    0    0    0    0    0     0     0     0    0
23:03:22       3     2   25    3    0    0    0     0     0     0   67
23:03:22       4     3   22    1    0    0    0     0     0     0   71
23:03:22       5     4    8    1    0    0    0     0     0     0   87
23:03:22       6     2   39    2    0    0    0     0     0     0   56
23:03:22       7   100    0    0    0    0    0     0     0     0    0
23:03:23       0   100    0    0    0    0    0     0     0     0    0
23:03:23       1   100    0    0    0    0    0     0     0     0    0
23:03:23       2   100    0    0    0    0    0     0     0     0    0
23:03:23       3     7   16    3    0    0    0     0     0     0   74
23:03:23       4     9   34    3    0    0    0     0     0     0   52
23:03:23       5    20   19    1    0    0    0     0     0     0   58
23:03:23       6     9   21    1    0    0    0     0     0     0   66
23:03:23       7   100    0    0    0    0    0     0     0     0    0
23:03:24       0    50    0    0    0    0    0     0     0     0   47
23:03:24       1   100    0    0    0    0    0     0     0     0    0
23:03:24       2   100    0    0    0    0    0     0     0     0    0
23:03:24       3    60    5    1    0    0    0     0     0     0   34
23:03:24       4    87    0    0    0    0    0     0     0     0   12
23:03:24       5    11    1    2    0    0    0     0     0     0   85
23:03:24       6     6    0    4    0    0    0     0     0     0   88
23:03:24       7    27    0    3    0    0    0     0     0     0   68
23:03:25       0     3    1    4    0    0    0     0     0     0   91
23:03:25       1   100    0    0    0    0    0     0     0     0    0
23:03:25       2   100    0    0    0    0    0     0     0     0    0
23:03:25       3   100    0    0    0    0    0     0     0     0    0
23:03:25       4    99    0    1    0    0    0     0     0     0    0
23:03:25       5     7    0    2    0    0    0     0     0     0   89
23:03:25       6     3    0    7    0    0    0     0     0     0   89
23:03:25       7     3    1    3    0    0    0     0     0     0   93
23:03:26       0     3    0    3    0    0    0     0     0     0   93
23:03:26       1   100    0    0    0    0    0     0     0     0    0
23:03:26       2   100    0    0    0    0    0     0     0     0    0
23:03:26       3    99    0    0    0    0    0     0     0     0    0
23:03:26       4    99    0    1    0    0    0     0     0     0    0
23:03:26       5    33    0    4    0    0    0     0     0     0   61
23:03:26       6     3    0    1    0    0    0     0     0     0   95
23:03:26       7     3    0    2    0    0    0     0     0     0   94
23:03:27       0     5    1    0    0    0    0     0     0     0   93
23:03:27       1   100    0    0    0    0    0     0     0     0    0
23:03:27       2   100    0    0    0    0    0     0     0     0    0
23:03:27       3   100    0    0    0    0    0     0     0     0    0
23:03:27       4   100    0    0    0    0    0     0     0     0    0
23:03:27       5    33    0    2    0    0    0     0     0     0   65
23:03:27       6    14    0    0    0    0    0     0     0     0   84
23:03:27       7     0    0    2    1    0    0     0     0     0   96
23:03:28       0    17    0    3    0    0    0     0     0     0   80
23:03:28       1   100    0    0    0    0    0     0     0     0    0
23:03:28       2    99    0    0    0    0    0     0     0     0    0
23:03:28       3   100    0    0    0    0    0     0     0     0    0
23:03:28       4   100    0    0    0    0    0     0     0     0    0
23:03:28       5     4    0    4    0    0    0     0     0     0   91
23:03:28       6    22    1    3    0    0    0     0     0     0   74
23:03:28       7    10    1    4    0    0    0     0     0     0   85
23:03:29       0    12    0    1    0    0    0     0     0     0   83
23:03:29       1   100    0    0    0    0    0     0     0     0    0
23:03:29       2   100    0    0    0    0    0     0     0     0    0
23:03:29       3   100    0    0    0    0    0     0     0     0    0
23:03:29       4   100    0    0    0    0    0     0     0     0    0
23:03:29       5     1    1    0    1    0    0     0     0     0   96
23:03:29       6     3    0    4    0    0    0     0     0     0   91
23:03:29       7    10    0    1    0    0    0     0     0     0   85
23:03:30       0    17    0    2    0    0    0     0     0     0   79
23:03:30       1   100    0    0    0    0    0     0     0     0    0
23:03:30       2   100    0    0    0    0    0     0     0     0    0
23:03:30       3    99    0    1    0    0    0     0     0     0    0
23:03:30       4   100    0    0    0    0    0     0     0     0    0
23:03:30       5    21    2    4    0    0    0     0     0     0   73
23:03:30       6     2    0    2    0    0    0     0     0     0   95
23:03:30       7     5    0    4    0    0    0     0     0     0   90
23:03:31       0    21    0    5    0    0    0     0     0     0   72
23:03:31       1   100    0    0    0    0    0     0     0     0    0
23:03:31       2    99    0    0    0    0    0     0     0     0    0
23:03:31       3   100    0    0    0    0    0     0     0     0    0
23:03:31       4   100    0    0    0    0    0     0     0     0    0
23:03:31       5    23    0    4    0    0    0     0     0     0   72
23:03:31       6    13    0    5    0    0    0     0     0     0   81
23:03:31       7    14    1    8    0    0    0     0     0     0   77
23:03:32       0    17    0    2    0    0    0     0     0     0   80
23:03:32       1   100    0    0    0    0    0     0     0     0    0
23:03:32       2   100    0    0    0    0    0     0     0     0    0
23:03:32       3    99    0    0    0    0    0     0     0     0    0
23:03:32       4   100    0    0    0    0    0     0     0     0    0
23:03:32       5     1    1    2    0    0    0     0     0     0   95
23:03:32       6    22    0    4    0    0    0     0     0     0   71
23:03:32       7    16    0    2    0    0    0     0     0     0   81
23:03:33       0     9    0    4    0    0    0     0     0     0   86
23:03:33       1   100    0    0    0    0    0     0     0     0    0
23:03:33       2   100    0    0    0    0    0     0     0     0    0
23:03:33       3   100    0    0    0    0    0     0     0     0    0
23:03:33       4   100    0    0    0    0    0     0     0     0    0
23:03:33       5    24    2    3    1    0    0     0     0     0   70
23:03:33       6     9    0    1    0    0    0     0     0     0   88
23:03:33       7    10    0    2    0    0    0     0     0     0   87
23:03:34       0    34    1    6    0    0    0     0     0     0   58
23:03:34       1   100    0    0    0    0    0     0     0     0    0
23:03:34       2    99    0    0    0    0    0     0     0     0    0
23:03:34       3   100    0    0    0    0    0     0     0     0    0
23:03:34       4   100    0    0    0    0    0     0     0     0    0
23:03:34       5    19    0    2    0    0    0     0     0     0   78
23:03:34       6    11    1    1    1    0    0     0     0     0   85
23:03:34       7     1    1    2    0    0    0     0     0     0   95
23:03:35       0    18    0    6    0    0    0     0     0     0   75
23:03:35       1   100    0    0    0    0    0     0     0     0    0
23:03:35       2   100    0    0    0    0    0     0     0     0    0
23:03:35       3   100    0    0    0    0    0     0     0     0    0
23:03:35       4   100    0    0    0    0    0     0     0     0    0
23:03:35       5     1    0    1    0    0    0     0     0     0   97
23:03:35       6    17    1    3    0    0    0     0     0     0   78
23:03:35       7    10    1    6    0    0    0     0     0     0   82

# SINGLE CPU[HYPER] STATISTICS
#Time        Cpu  User Nice  Sys Wait IRQ  Soft Steal Guest NiceG Idle
23:03:36       0    23    0    4    0    0    0     0     0     0   72
23:03:36       1   100    0    0    0    0    0     0     0     0    0
23:03:36       2   100    0    0    0    0    0     0     0     0    0
23:03:36       3   100    0    0    0    0    0     0     0     0    0
23:03:36       4   100    0    0    0    0    0     0     0     0    0
23:03:36       5     4    0    1    0    0    0     0     0     0   94
23:03:36       6    27    0    3    0    0    0     0     0     0   68
23:03:36       7    15    1    6    0    0    0     0     0     0   76
23:03:37       0     2    0    2    0    0    0     0     0     0   95
23:03:37       1   100    0    0    0    0    0     0     0     0    0
23:03:37       2   100    0    0    0    0    0     0     0     0    0
23:03:37       3   100    0    0    0    0    0     0     0     0    0
23:03:37       4    99    0    0    0    0    0     0     0     0    0
23:03:37       5     6    1    2    0    0    0     0     0     0   90
23:03:37       6    14    1    2    0    0    0     0     0     0   83
23:03:37       7     5    0    1    0    0    0     0     0     0   93
23:03:38       0     3    0    3    0    0    0     0     0     0   93
23:03:38       1   100    0    0    0    0    0     0     0     0    0
23:03:38       2   100    0    0    0    0    0     0     0     0    0
23:03:38       3    99    0    1    0    0    0     0     0     0    0
23:03:38       4   100    0    0    0    0    0     0     0     0    0
23:03:38       5     0    1    1    0    0    0     0     0     0   97
23:03:38       6    22    0    1    0    0    0     0     0     0   76
23:03:38       7     2    1    1    0    0    0     0     0     0   95
23:03:39       0     5    0    2    0    0    0     0     0     0   92
23:03:39       1   100    0    0    0    0    0     0     0     0    0
23:03:39       2   100    0    0    0    0    0     0     0     0    0
23:03:39       3   100    0    0    0    0    0     0     0     0    0
23:03:39       4   100    0    0    0    0    0     0     0     0    0
23:03:39       5     2    1    1    0    0    0     0     0     0   95
23:03:39       6     2    1    1    0    0    0     0     0     0   95
23:03:39       7     7    0    2    2    0    0     0     0     0   89
23:03:40       0     6    0    2    0    0    0     0     0     0   91
23:03:40       1   100    0    0    0    0    0     0     0     0    0
23:03:40       2    99    0    0    0    0    0     0     0     0    0
23:03:40       3   100    0    0    0    0    0     0     0     0    0
23:03:40       4   100    0    0    0    0    0     0     0     0    0
23:03:40       5     1    0    3    0    0    0     0     0     0   95
23:03:40       6     7    0    3    0    0    0     0     0     0   89
23:03:40       7     3    0    4    0    0    0     0     0     0   93
23:03:41       0     2    0    1    0    0    0     0     0     0   96
23:03:41       1   100    0    0    0    0    0     0     0     0    0
23:03:41       2   100    0    0    0    0    0     0     0     0    0
23:03:41       3   100    0    0    0    0    0     0     0     0    0
23:03:41       4    99    0    1    0    0    0     0     0     0    0
23:03:41       5     4    0    0    0    0    0     0     0     0   95
23:03:41       6     2    2    1    0    0    0     0     0     0   94
23:03:41       7     1    0    0    0    0    0     0     0     0   98
23:03:42       0     3    0    1    0    0    0     0     0     0   95
23:03:42       1   100    0    0    0    0    0     0     0     0    0
23:03:42       2    99    0    0    0    0    0     0     0     0    0
23:03:42       3   100    0    0    0    0    0     0     0     0    0
23:03:42       4   100    0    0    0    0    0     0     0     0    0
23:03:42       5     1    0    0    0    0    0     0     0     0   98
23:03:42       6     3    1    1    0    0    0     0     0     0   94
23:03:42       7     0    0    1    0    0    0     0     0     0   98
23:03:43       0     2    0    1    0    0    0     0     0     0   96
23:03:43       1   100    0    0    0    0    0     0     0     0    0
23:03:43       2   100    0    0    0    0    0     0     0     0    0
23:03:43       3    99    0    0    0    0    0     0     0     0    0
23:03:43       4   100    0    0    0    0    0     0     0     0    0
23:03:43       5     1    0    1    0    0    0     0     0     0   97
23:03:43       6     2    1    2    0    0    0     0     0     0   94
23:03:43       7     2    0    1    0    0    0     0     0     0   96
23:03:44       0     6    0    3    0    0    0     0     0     0   90
23:03:44       1    99    0    1    0    0    0     0     0     0    0
23:03:44       2   100    0    0    0    0    0     0     0     0    0
23:03:44       3   100    0    0    0    0    0     0     0     0    0
23:03:44       4    99    0    0    0    0    0     0     0     0    0
23:03:44       5     2    0    1    0    0    0     0     0     0   96
23:03:44       6     2    1    1    0    0    0     0     0     0   95
23:03:44       7     4    0    4    1    0    0     0     0     0   90
23:03:45       0     3    0    3    1    0    0     0     0     0   93
23:03:45       1    86    0   14    0    0    0     0     0     0    0
23:03:45       2    86    0    1    0    0    0     0     0     0   13
23:03:45       3    86    0    1    0    0    0     0     0     0   13
23:03:45       4    87    0    0    0    0    0     0     0     0   13
23:03:45       5     5    0    2    0    0    0     0     0     0   92
23:03:45       6     2    1    0    0    0    0     0     0     0   96
23:03:45       7     4    0    1    0    0    0     0     0     0   94
23:03:46       0     0    1    1    0    0    0     0     0     0   98
23:03:46       1    92    0    8    0    0    0     0     0     0    0
23:03:46       2    67    0    2    0    0    0     0     0     0   31
23:03:46       3    68    0    0    0    0    0     0     0     0   31
23:03:46       4    68    0    1    0    0    0     0     0     0   31
23:03:46       5     1    0    1    0    0    0     0     0     0   98
23:03:46       6     1    0    0    0    0    0     0     0     0   98
23:03:46       7     0    0    0    0    0    0     0     0     0  100
23:03:47       0     3    0    0    0    0    0     0     0     0   97
23:03:47       1   100    0    0    0    0    0     0     0     0    0
23:03:47       2    99    0    0    0    0    0     0     0     0    0
23:03:47       3   100    0    0    0    0    0     0     0     0    0
23:03:47       4    99    0    1    0    0    0     0     0     0    0
23:03:47       5     2    0    1    0    0    0     0     0     0   97
23:03:47       6     1    0    1    0    0    0     0     0     0   97
23:03:47       7     2    0    1    0    0    0     0     0     0   97
23:03:48       0     0    0    1    0    0    0     0     0     0   96
23:03:48       1   100    0    0    0    0    0     0     0     0    0
23:03:48       2   100    0    0    0    0    0     0     0     0    0
23:03:48       3   100    0    0    0    0    0     0     0     0    0
23:03:48       4   100    0    0    0    0    0     0     0     0    0
23:03:48       5     0    0    0    0    0    0     0     0     0   98
23:03:48       6     4    0    0    0    0    0     0     0     0   96
23:03:48       7     1    0    0    0    0    0     0     0     0   98
23:03:49       0     2    0    1    0    0    0     0     0     0   96
23:03:49       1   100    0    0    0    0    0     0     0     0    0
23:03:49       2   100    0    0    0    0    0     0     0     0    0
23:03:49       3   100    0    0    0    0    0     0     0     0    0
23:03:49       4   100    0    0    0    0    0     0     0     0    0
23:03:49       5     2    0    1    1    0    0     0     0     0   95
23:03:49       6     5    0    0    0    0    0     0     0     0   94
23:03:49       7     4    0    0    1    0    0     0     0     0   94
23:03:50       0     0    0    0    0    0    0     0     0     0   99
23:03:50       1   100    0    0    0    0    0     0     0     0    0
23:03:50       2   100    0    0    0    0    0     0     0     0    0
23:03:50       3   100    0    0    0    0    0     0     0     0    0
23:03:50       4   100    0    0    0    0    0     0     0     0    0
23:03:50       5     1    0    0    0    0    0     0     0     0   99
23:03:50       6     0    0    1    0    0    0     0     0     0   99
23:03:50       7     0    0    0    0    0    0     0     0     0  100
23:03:51       0     0    0    1    0    0    0     0     0     0   98
23:03:51       1   100    0    0    0    0    0     0     0     0    0
23:03:51       2   100    0    0    0    0    0     0     0     0    0
23:03:51       3   100    0    0    0    0    0     0     0     0    0
23:03:51       4   100    0    0    0    0    0     0     0     0    0
23:03:51       5     1    0    0    0    0    0     0     0     0   99
23:03:51       6     0    0    0    0    0    0     0     0     0  100
23:03:51       7     0    0    0    0    0    0     0     0     0  100
23:03:52       0     1    0    0    0    0    0     0     0     0   97
23:03:52       1   100    0    0    0    0    0     0     0     0    0
23:03:52       2   100    0    0    0    0    0     0     0     0    0
23:03:52       3   100    0    0    0    0    0     0     0     0    0
23:03:52       4   100    0    0    0    0    0     0     0     0    0
23:03:52       5     0    0    0    0    0    0     0     0     0  100
23:03:52       6     1    0    0    1    0    0     0     0     0   97
23:03:52       7     0    0    0    0    0    0     0     0     0   98
23:03:53       0     0    0    1    0    0    0     0     0     0   98
23:03:53       1   100    0    0    0    0    0     0     0     0    0
23:03:53       2   100    0    0    0    0    0     0     0     0    0
23:03:53       3   100    0    0    0    0    0     0     0     0    0
23:03:53       4   100    0    0    0    0    0     0     0     0    0
23:03:53       5     0    0    0    0    0    0     0     0     0  100
23:03:53       6     0    0    0    0    0    0     0     0     0  100
23:03:53       7     1    0    0    0    0    0     0     0     0   99
23:03:54       0     0    0    0    0    0    0     0     0     0  100
23:03:54       1   100    0    0    0    0    0     0     0     0    0
23:03:54       2   100    0    0    0    0    0     0     0     0    0
23:03:54       3   100    0    0    0    0    0     0     0     0    0
23:03:54       4   100    0    0    0    0    0     0     0     0    0
23:03:54       5     0    0    0    0    0    0     0     0     0   98
23:03:54       6     0    0    0    0    0    0     0     0     0  100
23:03:54       7     0    0    1    0    0    0     0     0     0   98
23:03:55       0     0    0    1    0    0    0     0     0     0   98
23:03:55       1   100    0    0    0    0    0     0     0     0    0
23:03:55       2   100    0    0    0    0    0     0     0     0    0
23:03:55       3   100    0    0    0    0    0     0     0     0    0
23:03:55       4   100    0    0    0    0    0     0     0     0    0
23:03:55       5     0    0    0    0    0    0     0     0     0   98
23:03:55       6     2    0    2    0    0    0     0     0     0   96
23:03:55       7     2    0    2    0    0    0     0     0     0   96
23:03:56       0     1    0    0    0    0    0     0     0     0   98
23:03:56       1   100    0    0    0    0    0     0     0     0    0
23:03:56       2   100    0    0    0    0    0     0     0     0    0
23:03:56       3   100    0    0    0    0    0     0     0     0    0
23:03:56       4   100    0    0    0    0    0     0     0     0    0
23:03:56       5     0    0    0    0    0    0     0     0     0  100
23:03:56       6     1    0    0    0    0    0     0     0     0   99
23:03:56       7     0    0    1    0    0    0     0     0     0   98
23:03:57       0     0    0    1    0    0    0     0     0     0   99
23:03:57       1   100    0    0    0    0    0     0     0     0    0
23:03:57       2   100    0    0    0    0    0     0     0     0    0
23:03:57       3   100    0    0    0    0    0     0     0     0    0
23:03:57       4   100    0    0    0    0    0     0     0     0    0
23:03:57       5     0    0    0    0    0    0     0     0     0  100
23:03:57       6     0    0    1    1    0    0     0     0     0   97
23:03:57       7     0    0    0    0    0    0     0     0     0  100

# SINGLE CPU[HYPER] STATISTICS
#Time        Cpu  User Nice  Sys Wait IRQ  Soft Steal Guest NiceG Idle
23:03:58       0     0    0    0    0    0    0     0     0     0  100
23:03:58       1   100    0    0    0    0    0     0     0     0    0
23:03:58       2   100    0    0    0    0    0     0     0     0    0
23:03:58       3   100    0    0    0    0    0     0     0     0    0
23:03:58       4   100    0    0    0    0    0     0     0     0    0
23:03:58       5     1    0    0    0    0    0     0     0     0   99
23:03:58       6     0    0    0    0    0    0     0     0     0  100
23:03:58       7     2    0    0    0    0    0     0     0     0   98
23:03:59       0     1    0    0    0    0    0     0     0     0   98
23:03:59       1   100    0    0    0    0    0     0     0     0    0
23:03:59       2   100    0    0    0    0    0     0     0     0    0
23:03:59       3   100    0    0    0    0    0     0     0     0    0
23:03:59       4   100    0    0    0    0    0     0     0     0    0
23:03:59       5     1    0    0    0    0    0     0     0     0   98
23:03:59       6     0    0    1    0    0    0     0     0     0   99
23:03:59       7     3    0    0    0    0    0     0     0     0   95
23:04:00       0     0    0    1    0    0    0     0     0     0   97
23:04:00       1    97    0    2    0    0    0     0     0     0    0
23:04:00       2   100    0    0    0    0    0     0     0     0    0
23:04:00       3   100    0    0    0    0    0     0     0     0    0
23:04:00       4    99    0    1    0    0    0     0     0     0    0
23:04:00       5     0    0    0    0    0    0     0     0     0  100
23:04:00       6     1    0    0    0    0    0     0     0     0   97
23:04:00       7     1    0    0    0    0    0     0     0     0   98
23:04:01       0     1    0    0    0    0    0     0     0     0   98
23:04:01       1    96    0    3    0    0    0     0     0     0    0
23:04:01       2   100    0    0    0    0    0     0     0     0    0
23:04:01       3    99    0    0    0    0    0     0     0     0    0
23:04:01       4    99    0    1    0    0    0     0     0     0    0
23:04:01       5    30    0    2    0    0    0     0     0     0   66
23:04:01       6     0    0    0    0    0    0     0     0     0  100
23:04:01       7     1    0    1    0    0    0     0     0     0   98
23:04:02       0     0    0    0    0    0    0     0     0     0  100
23:04:02       1    94    0    5    0    0    0     0     0     0    0
23:04:02       2   100    0    0    0    0    0     0     0     0    0
23:04:02       3   100    0    0    0    0    0     0     0     0    0
23:04:02       4   100    0    0    0    0    0     0     0     0    0
23:04:02       5     1    0    0    0    0    0     0     0     0   99
23:04:02       6     1    0    0    0    0    0     0     0     0   99
23:04:02       7     0    0    0    0    0    0     0     0     0  100
23:04:03       0     1    0    0    0    0    0     0     0     0   98
23:04:03       1    69    0   31    0    0    0     0     0     0    0
23:04:03       2    45    0    0    0    0    0     0     0     0   55
23:04:03       3    47    0    0    0    0    0     0     0     0   53
23:04:03       4    44    0    0    0    0    0     0     0     0   55
23:04:03       5     0    0    0    0    0    0     0     0     0  100
23:04:03       6     0    0    0    1    0    0     0     0     0   98
23:04:03       7     1    0    0    0    0    0     0     0     0   98
23:04:04       0     1    0    0    0    0    0     0     0     0   97
23:04:04       1    96    0    4    0    0    0     0     0     0    0
23:04:04       2    99    0    0    0    0    0     0     0     0    0
23:04:04       3    99    0    0    0    0    0     0     0     0    0
23:04:04       4   100    0    0    0    0    0     0     0     0    0
23:04:04       5     1    0    0    0    0    0     0     0     0   99
23:04:04       6     0    0    0    0    0    0     0     0     0  100
23:04:04       7     0    1    0    0    0    0     0     0     0   99
23:04:05       0     1    0    0    0    0    0     0     0     0   98
23:04:05       1    49    0   51    0    0    0     0     0     0    0
23:04:05       2    24    0    0    0    0    0     0     0     0   76
23:04:05       3    24    0    1    0    0    0     0     0     0   74
23:04:05       4    23    0    2    0    0    0     0     0     0   75
23:04:05       5     0    0    1    0    0    0     0     0     0   98
23:04:05       6     1    0    0    0    0    0     0     0     0   98
23:04:05       7     1    0    1    0    0    0     0     0     0   95
23:04:06       0     1    0    0    0    0    0     0     0     0   99
23:04:06       1   100    0    0    0    0    0     0     0     0    0
23:04:06       2   100    0    0    0    0    0     0     0     0    0
23:04:06       3   100    0    0    0    0    0     0     0     0    0
23:04:06       4   100    0    0    0    0    0     0     0     0    0
23:04:06       5     0    0    0    0    0    0     0     0     0   98
23:04:06       6     0    0    1    0    0    0     0     0     0   99
23:04:06       7     0    0    1    0    0    0     0     0     0   99
23:04:07       0     1    0    0    0    0    0     0     0     0   98
23:04:07       1    49    0   51    0    0    0     0     0     0    0
23:04:07       2    31    0    1    1    0    0     0     0     0   67
23:04:07       3    32    0    1    0    0    0     0     0     0   67
23:04:07       4    31    0    2    0    0    0     0     0     0   67
23:04:07       5     1    0    0    0    0    0     0     0     0   99
23:04:07       6     0    0    0    1    0    0     0     0     0   98
23:04:07       7     0    0    0    0    0    0     0     0     0   99
23:04:08       0     1    0    0    0    0    0     0     0     0   99
23:04:08       1    98    0    2    0    0    0     0     0     0    0
23:04:08       2    99    0    0    0    0    0     0     0     0    1
23:04:08       3    99    0    0    0    0    0     0     0     0    1
23:04:08       4    99    0    0    0    0    0     0     0     0    1
23:04:08       5     0    0    1    0    0    0     0     0     0   99
23:04:08       6     0    0    0    0    0    0     0     0     0   99
23:04:08       7     0    0    0    1    0    0     0     0     0   98
23:04:09       0     0    0    0    0    0    0     0     0     0  100
23:04:09       1    64    0   36    0    0    0     0     0     0    0
23:04:09       2    47    0    0    0    0    0     0     0     0   53
23:04:09       3    48    0    0    0    0    0     0     0     0   50
23:04:09       4    45    0    1    0    0    0     0     0     0   54
23:04:09       5     0    0    0    0    0    0     0     0     0  100
23:04:09       6     0    0    0    0    0    0     0     0     0  100
23:04:09       7     0    0    1    0    0    0     0     0     0   98
23:04:10       0     1    0    0    0    0    0     0     0     0   99
23:04:10       1    95    0    5    0    0    0     0     0     0    0
23:04:10       2    92    0    0    0    0    0     0     0     0    7
23:04:10       3    93    0    0    0    0    0     0     0     0    7
23:04:10       4    93    0    0    0    0    0     0     0     0    7
23:04:10       5     0    0    0    0    0    0     0     0     0  100
23:04:10       6     0    0    1    0    0    0     0     0     0   97
23:04:10       7     1    0    0    0    0    0     0     0     0   98
23:04:11       0     1    0    0    0    0    0     0     0     0   99
23:04:11       1    59    0   39    0    0    0     0     0     0    0
23:04:11       2    51    0    1    0    0    0     0     0     0   46
23:04:11       3    52    0    2    0    0    0     0     0     0   45
23:04:11       4    52    0    2    0    0    0     0     0     0   46
23:04:11       5     1    0    0    0    0    0     0     0     0   99
23:04:11       6     0    0    0    0    0    0     0     0     0   99
23:04:11       7     2    0    0    0    0    0     0     0     0   98
23:04:12       0     0    0    1    0    0    0     0     0     0   98
23:04:12       1    95    0    4    0    0    0     0     0     0    0
23:04:12       2    83    0    0    0    0    0     0     0     0   16
23:04:12       3    83    0    0    0    0    0     0     0     0   16
23:04:12       4    83    0    0    0    0    0     0     0     0   17
23:04:12       5     1    0    0    0    0    0     0     0     0   98
23:04:12       6     0    0    1    1    0    0     0     0     0   97
23:04:12       7     2    0    0    0    0    0     0     0     0   98
23:04:13       0     0    0    0    0    0    0     0     0     0  100
23:04:13       1    71    0   28    0    0    0     0     0     0    0
23:04:13       2    62    0    0    0    0    0     0     0     0   38
23:04:13       3    62    0    0    0    0    0     0     0     0   36
23:04:13       4    62    0    0    0    0    0     0     0     0   37
23:04:13       5     0    0    0    0    0    0     0     0     0  100
23:04:13       6     0    0    0    0    0    0     0     0     0   98
23:04:13       7     0    0    0    0    0    0     0     0     0  100
23:04:14       0     0    0    0    0    0    0     0     0     0  100
23:04:14       1    87    0   13    0    0    0     0     0     0    0
23:04:14       2    74    0    0    0    0    0     0     0     0   26
23:04:14       3    74    0    0    0    0    0     0     0     0   26
23:04:14       4    74    0    0    0    0    0     0     0     0   26
23:04:14       5     1    0    0    0    0    0     0     0     0   99
23:04:14       6     1    0    0    0    0    0     0     0     0   99
23:04:14       7     0    0    1    0    0    0     0     0     0   99
23:04:15       0     2    0    2    0    0    0     0     0     0   96
23:04:15       1    79    0   21    0    0    0     0     0     0    0
23:04:15       2    72    0    1    0    0    0     0     0     0   27
23:04:15       3    73    0    1    0    0    0     0     0     0   26
23:04:15       4    72    0    0    0    0    0     0     0     0   26
23:04:15       5     0    0    3    1    0    0     0     0     0   96
23:04:15       6     0    0    0    1    0    0     0     0     0   98
23:04:15       7     0    0    1    0    0    0     0     0     0   98
23:04:16       0     1    0    1    0    0    0     0     0     0   98
23:04:16       1    80    0   20    0    0    0     0     0     0    0
23:04:16       2    64    0    0    0    0    0     0     0     0   35
23:04:16       3    64    0    0    0    0    0     0     0     0   36
23:04:16       4    64    0    0    0    0    0     0     0     0   35
23:04:16       5     0    0    0    0    0    0     0     0     0   99
23:04:16       6     0    0    2    1    0    0     0     0     0   97
23:04:16       7     0    0    0    0    0    0     0     0     0  100
23:04:17       0     1    0    1    0    0    0     0     0     0   98
23:04:17       1    81    0   19    0    0    0     0     0     0    0
23:04:17       2    82    0    1    0    0    0     0     0     0   16
23:04:17       3    85    0    0    0    0    0     0     0     0   14
23:04:17       4    83    0    0    0    0    0     0     0     0   17
23:04:17       5     2    0    0    0    0    0     0     0     0   97
23:04:17       6     2    0    0    0    0    0     0     0     0   98
23:04:17       7     1    0    0    0    0    0     0     0     0   98
23:04:18       0     0    0    0    0    0    0     0     0     0  100
23:04:18       1    77    0   23    0    0    0     0     0     0    0
23:04:18       2    55    0    0    0    0    0     0     0     0   45
23:04:18       3    55    0    0    0    0    0     0     0     0   45
23:04:18       4    55    0    0    0    0    0     0     0     0   45
23:04:18       5     0    0    0    0    0    0     0     0     0  100
23:04:18       6     0    0    0    0    0    0     0     0     0  100
23:04:18       7     0    0    0    0    0    0     0     0     0  100
23:04:19       0     0    0    0    0    0    0     0     0     0   98
23:04:19       1    86    0   13    0    0    0     0     0     0    0
23:04:19       2    90    0    2    0    0    0     0     0     0    8
23:04:19       3    92    0    0    0    0    0     0     0     0    6
23:04:19       4    90    0    1    0    0    0     0     0     0    8
23:04:19       5     0    1    1    0    0    0     0     0     0   98
23:04:19       6     0    0    0    0    0    0     0     0     0  100
23:04:19       7     0    0    0    0    0    0     0     0     0  100

# SINGLE CPU[HYPER] STATISTICS
#Time        Cpu  User Nice  Sys Wait IRQ  Soft Steal Guest NiceG Idle
23:04:20       0     0    0    0    1    0    0     0     0     0   98
23:04:20       1    71    0   28    0    0    0     0     0     0    0
23:04:20       2    46    0    0    0    0    0     0     0     0   53
23:04:20       3    46    0    0    0    0    0     0     0     0   53
23:04:20       4    46    0    0    0    0    0     0     0     0   53
23:04:20       5     0    0    0    0    0    0     0     0     0  100
23:04:20       6     0    0    0    0    0    0     0     0     0  100
23:04:20       7     1    0    0    0    0    0     0     0     0   99
23:04:21       0     2    0    0    0    0    0     0     0     0   95
23:04:21       1    92    0    7    0    0    0     0     0     0    0
23:04:21       2    98    0    1    0    0    0     0     0     0    0
23:04:21       3    99    0    1    0    0    0     0     0     0    0
23:04:21       4    99    0    1    0    0    0     0     0     0    0
23:04:21       5     3    0    1    0    0    0     0     0     0   95
23:04:21       6     5    0    0    0    0    0     0     0     0   94
23:04:21       7     4    0    1    0    0    0     0     0     0   94
23:04:22       0     0    0    0    0    0    0     0     0     0  100
23:04:22       1    71    0   28    0    0    0     0     0     0    0
23:04:22       2    39    0    0    0    0    0     0     0     0   61
23:04:22       3    40    0    0    0    0    0     0     0     0   60
23:04:22       4    40    0    0    0    0    0     0     0     0   60
23:04:22       5     0    1    0    0    0    0     0     0     0   98
23:04:22       6     0    0    0    0    0    0     0     0     0   98
23:04:22       7     0    0    0    0    0    0     0     0     0  100
23:04:23       0     2    0    1    0    0    0     0     0     0   97
23:04:23       1    99    0    1    0    0    0     0     0     0    0
23:04:23       2   100    0    0    0    0    0     0     0     0    0
23:04:23       3   100    0    0    0    0    0     0     0     0    0
23:04:23       4   100    0    0    0    0    0     0     0     0    0
23:04:23       5     0    0    0    0    0    0     0     0     0   99
23:04:23       6     0    1    0    0    0    0     0     0     0   99
23:04:23       7     1    0    0    0    0    0     0     0     0   99
23:04:24       0     9   17    3    1    0    0     0     0     0   69
23:04:24       1    31    1   13    0    0    0     0     0     0   55
23:04:24       2    37    3    3    0    0    0     0     0     0   56
23:04:24       3    39    0    3    0    0    0     0     0     0   57
23:04:24       4    38    0    5    1    0    0     0     0     0   56
23:04:24       5    12    0    4    0    0    0     0     0     0   83
23:04:24       6     8    0    3    0    0    0     0     0     0   89
23:04:24       7    13    0    4    1    0    0     0     0     0   82
23:04:25       0     1    4    1    0    0    0     0     0     0   94
23:04:25       1     0    8    1    0    0    0     0     0     0   90
23:04:25       2     1    0    0    0    0    0     0     0     0   99
23:04:25       3     0    0    0    0    0    0     0     0     0   98
23:04:25       4     1    0    0    0    0    0     0     0     0   97
23:04:25       5     0   13    2    0    0    0     0     0     0   82
23:04:25       6     2    5    0    0    0    0     0     0     0   91
23:04:25       7     2    1    1    0    0    0     0     0     0   96
23:04:26       0     0    0    0    0    0    0     0     0     0  100
23:04:26       1     0    0    0    0    0    0     0     0     0  100
23:04:26       2     0    0    1    0    0    0     0     0     0   99
23:04:26       3     0    0    0    0    0    0     0     0     0  100
23:04:26       4     0    9    1    0    0    0     0     0     0   89
23:04:26       5     0    2    1    0    0    0     0     0     0   96
23:04:26       6     1    0    1    0    0    0     0     0     0   98
23:04:26       7     1    0    2    0    0    0     0     0     0   97
23:04:27       0     2    0    1    0    0    0     0     0     0   97
23:04:27       1     2    4    0    0    0    0     0     0     0   92
23:04:27       2     2    0    0    0    0    0     0     0     0   96
23:04:27       3     0    0    0    0    0    0     0     0     0   99
23:04:27       4     0    2    0    0    0    0     0     0     0   98
23:04:27       5     1   18    1    0    0    0     0     0     0   80
23:04:27       6     1    0    0    0    0    0     0     0     0   97
23:04:27       7     2    0    0    0    0    0     0     0     0   96
23:04:28       0     0    0    1    0    0    0     0     0     0   97
23:04:28       1     4    0    1    0    0    0     0     0     0   93
23:04:28       2     0    0    0    0    0    0     0     0     0  100
23:04:28       3     2    0    1    0    0    0     0     0     0   96
23:04:28       4     0    0    1    0    0    0     0     0     0   99
23:04:28       5     0    7    0    0    0    0     0     0     0   89
23:04:28       6     0    0    0    0    0    0     0     0     0  100
23:04:28       7     3    0    2    0    0    0     0     0     0   94
23:04:29       0     2    0    0    0    0    0     0     0     0   97
23:04:29       1    11    2    2    0    0    0     0     0     0   84
23:04:29       2     9    0    3    0    0    0     0     0     0   85
23:04:29       3    11    0    0    0    0    0     0     0     0   88
23:04:29       4     0    0    0    0    0    0     0     0     0  100
23:04:29       5     0    2    0    0    0    0     0     0     0   96
23:04:29       6     0    0    0    0    0    0     0     0     0  100
23:04:29       7     0    0    0    0    0    0     0     0     0  100
Ouch!
