waiting for 1 second sample...

# SINGLE CPU[HYPER] STATISTICS
#Time        Cpu  User Nice  Sys Wait IRQ  Soft Steal Guest NiceG Idle
09:00:07       0   100    0    0    0    0    0     0     0     0    0
09:00:07       1     0    0    0    0    0    0     0     0     0  100
09:00:07       2     0    0    0    0    0    0     0     0     0  100
09:00:07       3     2    0    0    0    0    0     0     0     0   96
09:00:07       4     0    0    0    0    0    0     0     0     0  100
09:00:07       5     0    0    0    0    0    0     0     0     0   98
09:00:07       6     0    0    0    0    0    0     0     0     0  100
09:00:07       7   100    0    0    0    0    0     0     0     0    0
09:00:08       0    98    0    1    0    0    0     0     0     0    0
09:00:08       1     0    0    0    0    0    0     0     0     0  100
09:00:08       2     0    0    0    0    0    0     0     0     0  100
09:00:08       3     3    0    0    0    0    0     0     0     0   96
09:00:08       4     0    0    0    0    0    0     0     0     0  100
09:00:08       5     0    0    0    0    0    0     0     0     0  100
09:00:08       6     0    0    0    0    0    0     0     0     0  100
09:00:08       7   100    0    0    0    0    0     0     0     0    0
09:00:09       0   100    0    0    0    0    0     0     0     0    0
09:00:09       1     1    0    0    0    0    0     0     0     0   98
09:00:09       2     0    0    0    0    0    0     0     0     0  100
09:00:09       3     1    0    1    0    0    0     0     0     0   98
09:00:09       4     1    0    0    0    0    0     0     0     0   99
09:00:09       5     0    1    0    0    0    0     0     0     0   99
09:00:09       6     0    0    0    0    0    0     0     0     0  100
09:00:09       7    98    0    2    0    0    0     0     0     0    0
09:00:10       0   100    0    0    0    0    0     0     0     0    0
09:00:10       1     1    0    3    0    0    0     0     0     0   94
09:00:10       2     1    0    0    0    0    0     0     0     0   98
09:00:10       3     2    0    0    0    0    0     0     0     0   98
09:00:10       4     2    0    0    1    0    0     0     0     0   97
09:00:10       5     1    0    0    0    0    0     0     0     0   99
09:00:10       6     2    0    0    0    0    0     0     0     0   98
09:00:10       7    98    0    2    0    0    0     0     0     0    0
09:00:11       0    98    0    1    0    0    0     0     0     0    0
09:00:11       1     1    0    5    0    0    0     0     0     0   93
09:00:11       2     1    0    2    0    0    0     0     0     0   94
09:00:11       3     2    0    1    0    0    0     0     0     0   96
09:00:11       4     1    0    2    0    0    0     0     0     0   97
09:00:11       5     1    0    1    0    0    0     0     0     0   97
09:00:11       6     2    0    1    0    0    0     0     0     0   95
09:00:11       7    98    0    2    0    0    0     0     0     0    0
09:00:12       0    99    0    1    0    0    0     0     0     0    0
09:00:12       1     1    0    4    0    0    0     0     0     0   95
09:00:12       2     0    0    0    0    0    0     0     0     0   98
09:00:12       3     1    0    0    0    0    0     0     0     0   98
09:00:12       4     0    0    0    0    0    0     0     0     0  100
09:00:12       5     1    0    0    0    0    0     0     0     0   98
09:00:12       6     1    0    0    0    0    0     0     0     0   96
09:00:12       7   100    0    0    0    0    0     0     0     0    0
09:00:13       0   100    0    0    0    0    0     0     0     0    0
09:00:13       1     0    0    5    0    0    0     0     0     0   94
09:00:13       2     1    0    0    0    0    0     0     0     0   99
09:00:13       3     1    0    0    0    0    0     0     0     0   98
09:00:13       4     0    0    0    0    0    0     0     0     0  100
09:00:13       5     1    0    0    0    0    0     0     0     0   97
09:00:13       6     0    0    0    0    0    0     0     0     0  100
09:00:13       7    99    0    1    0    0    0     0     0     0    0
09:00:14       0   100    0    0    0    0    0     0     0     0    0
09:00:14       1     0    0    4    0    0    0     0     0     0   95
09:00:14       2     1    0    0    0    0    0     0     0     0   99
09:00:14       3     0    0    0    0    0    0     0     0     0  100
09:00:14       4     0    0    0    0    0    0     0     0     0   99
09:00:14       5     1    0    0    0    0    0     0     0     0   98
09:00:14       6     1    0    0    0    0    0     0     0     0   98
09:00:14       7    99    0    0    0    0    0     0     0     0    0
09:00:15       0    98    0    2    0    0    0     0     0     0    0
09:00:15       1     4    0    1    0    0    0     0     0     0   95
09:00:15       2     3    0    1    0    0    0     0     0     0   94
09:00:15       3    14    1    2    0    0    0     0     0     0   83
09:00:15       4     0    0    0    1    0    0     0     0     0   98
09:00:15       5     6    1    1    0    0    0     0     0     0   92
09:00:15       6     6    0    2    0    0    0     0     0     0   91
09:00:15       7   100    0    0    0    0    0     0     0     0    0
09:00:16       0   100    0    0    0    0    0     0     0     0    0
09:00:16       1     0    0    0    0    0    0     0     0     0  100
09:00:16       2     0    0    0    0    0    0     0     0     0  100
09:00:16       3     1    0    0    0    0    0     0     0     0   99
09:00:16       4     0    1    0    0    0    0     0     0     0   97
09:00:16       5     0    0    0    0    0    0     0     0     0  100
09:00:16       6     0    0    0    0    0    0     0     0     0   98
09:00:16       7    98    0    1    0    0    0     0     0     0    0
09:00:17       0    98    0    1    0    0    0     0     0     0    0
09:00:17       1     0    4    5    0    0    0     0     0     0   87
09:00:17       2     0   23    1    0    0    0     0     0     0   76
09:00:17       3     1    2    0    0    0    0     0     0     0   96
09:00:17       4     1    1    0    0    0    0     0     0     0   98
09:00:17       5     0    0    1    0    0    0     0     0     0   99
09:00:17       6     0    3    1    0    0    0     0     0     0   95
09:00:17       7   100    0    0    0    0    0     0     0     0    0
09:00:18       0   100    0    0    0    0    0     0     0     0    0
09:00:18       1     0    0    6    0    0    0     0     0     0   93
09:00:18       2     0    0    0    0    0    0     0     0     0  100
09:00:18       3     0    0    0    0    0    0     0     0     0  100
09:00:18       4     0    0    0    0    0    0     0     0     0  100
09:00:18       5     0    0    0    0    0    0     0     0     0  100
09:00:18       6     1    0    0    0    0    0     0     0     0   98
09:00:18       7   100    0    0    0    0    0     0     0     0    0
09:00:19       0   100    0    0    0    0    0     0     0     0    0
09:00:19       1     0    0    1    0    0    0     0     0     0   98
09:00:19       2     0    0    0    0    0    0     0     0     0  100
09:00:19       3     1    0    1    0    0    0     0     0     0   98
09:00:19       4     0    0    0    0    0    0     0     0     0  100
09:00:19       5     1    0    0    0    0    0     0     0     0   99
09:00:19       6     0    1    0    0    0    0     0     0     0   98
09:00:19       7    98    0    1    0    0    0     0     0     0    0
09:00:20       0    99    0    0    0    0    0     0     0     0    0
09:00:20       1     1    0    1    0    0    0     0     0     0   97
09:00:20       2     0    0    0    0    0    0     0     0     0  100
09:00:20       3     0    0    0    0    0    0     0     0     0  100
09:00:20       4     0    0    0    0    0    0     0     0     0  100
09:00:20       5     0    0    0    0    0    0     0     0     0   98
09:00:20       6     1    0    0    0    0    0     0     0     0   99
09:00:20       7   100    0    0    0    0    0     0     0     0    0
09:00:21       0     6    0    0    0    0    0     0     0     0   93
09:00:21       1    89    0    5    0    0    0     0     0     0    5
09:00:21       2     1    0    2    1    0    0     0     0     0   96
09:00:21       3     0    0    0    0    0    0     0     0     0  100
09:00:21       4    11    0    2    0    0    0     0     0     0   85
09:00:21       5     0    0    0    0    0    0     0     0     0  100
09:00:21       6     1    0    0    0    0    0     0     0     0   98
09:00:21       7    97    0    3    0    0    0     0     0     0    0
09:00:22       0     2    0    0    0    0    0     0     0     0   97
09:00:22       1    94    0    6    0    0    0     0     0     0    0
09:00:22       2     1    0    1    0    0    0     0     0     0   98
09:00:22       3     2    0    0    0    0    0     0     0     0   97
09:00:22       4     0    0    0    0    0    0     0     0     0  100
09:00:22       5     0    1    1    0    0    0     0     0     0   97
09:00:22       6     1    0    1    0    0    0     0     0     0   97
09:00:22       7    94    0    6    0    0    0     0     0     0    0
09:00:23       0     1    0    1    0    0    0     0     0     0   97
09:00:23       1    94    0    6    0    0    0     0     0     0    0
09:00:23       2     1    0    0    0    0    0     0     0     0   98
09:00:23       3     4    0    0    0    0    0     0     0     0   96
09:00:23       4     1    0    0    0    0    0     0     0     0   98
09:00:23       5     0    0    0    0    0    0     0     0     0   98
09:00:23       6     2    0    1    0    0    0     0     0     0   97
09:00:23       7    99    0    1    0    0    0     0     0     0    0
09:00:24       0    11    0    0    0    0    0     0     0     0   88
09:00:24       1    39    0    6    0    0    0     0     0     0   53
09:00:24       2    59    0    2    0    0    0     0     0     0   39
09:00:24       3    24    0    0    0    0    0     0     0     0   76
09:00:24       4     0    0    1    0    0    0     0     0     0   99
09:00:24       5     3    0    2    0    0    0     0     0     0   94
09:00:24       6     5    0    1    0    0    0     0     0     0   93
09:00:24       7    98    0    1    0    0    0     0     0     0    0
09:00:25       0     1    0    0    0    0    0     0     0     0   98
09:00:25       1     0    0    5    0    0    0     0     0     0   94
09:00:25       2   100    0    0    0    0    0     0     0     0    0
09:00:25       3     1    0    1    0    0    0     0     0     0   98
09:00:25       4     2    0    0    0    0    0     0     0     0   95
09:00:25       5     1    0    1    0    0    0     0     0     0   97
09:00:25       6     0    0    0    0    0    0     0     0     0  100
09:00:25       7    98    0    1    0    0    0     0     0     0    0
09:00:26       0     3    0    1    0    0    0     0     0     0   96
09:00:26       1     0    0    6    0    0    0     0     0     0   93
09:00:26       2    99    0    1    0    0    0     0     0     0    0
09:00:26       3     2    0    0    0    0    0     0     0     0   97
09:00:26       4     1    0    1    0    0    0     0     0     0   98
09:00:26       5     4    0    0    0    0    0     0     0     0   94
09:00:26       6     0    0    0    0    0    0     0     0     0  100
09:00:26       7    99    0    1    0    0    0     0     0     0    0
09:00:27       0     2    0    0    0    0    0     0     0     0   98
09:00:27       1     2    0    4    0    0    0     0     0     0   92
09:00:27       2   100    0    0    0    0    0     0     0     0    0
09:00:27       3     1    0    0    0    0    0     0     0     0   98
09:00:27       4     1    0    0    0    0    0     0     0     0   98
09:00:27       5     0    0    0    0    0    0     0     0     0   96
09:00:27       6     0    0    0    0    0    0     0     0     0   98
09:00:27       7   100    0    0    0    0    0     0     0     0    0
09:00:28       0     1    0    0    0    0    0     0     0     0   99
09:00:28       1     1    0    0    0    0    0     0     0     0   98
09:00:28       2   100    0    0    0    0    0     0     0     0    0
09:00:28       3     0    0    0    0    0    0     0     0     0  100
09:00:28       4     0    0    0    0    0    0     0     0     0  100
09:00:28       5     0    0    0    0    0    0     0     0     0  100
09:00:28       6     0    0    0    0    0    0     0     0     0  100
09:00:28       7    98    0    1    0    0    0     0     0     0    0

# SINGLE CPU[HYPER] STATISTICS
#Time        Cpu  User Nice  Sys Wait IRQ  Soft Steal Guest NiceG Idle
09:00:29       0     1    0    1    0    0    0     0     0     0   98
09:00:29       1     0    0    3    0    0    0     0     0     0   95
09:00:29       2   100    0    0    0    0    0     0     0     0    0
09:00:29       3     1    0    1    0    0    0     0     0     0   98
09:00:29       4     0    0    1    0    0    0     0     0     0   98
09:00:29       5     1    0    0    0    0    0     0     0     0   97
09:00:29       6     1    0    1    0    0    0     0     0     0   97
09:00:29       7   100    0    0    0    0    0     0     0     0    0
09:00:30       0     3    0    0    0    0    0     0     0     0   94
09:00:30       1     3    0    5    0    0    0     0     0     0   89
09:00:30       2   100    0    0    0    0    0     0     0     0    0
09:00:30       3     5    0    1    0    0    0     0     0     0   94
09:00:30       4     6    0    2    0    0    0     0     0     0   88
09:00:30       5     6    0    0    0    0    0     0     0     0   93
09:00:30       6     5    0    1    0    0    0     0     0     0   92
09:00:30       7    98    0    1    0    0    0     0     0     0    0
09:00:31       0    30    0    1    0    0    0     0     0     0   68
09:00:31       1     4    0    6    0    0    0     0     0     0   89
09:00:31       2    99    0    1    0    0    0     0     0     0    0
09:00:31       3     6    0    1    0    0    0     0     0     0   92
09:00:31       4     5    1    0    0    0    0     0     0     0   93
09:00:31       5     4    0    2    0    0    0     0     0     0   93
09:00:31       6     4    0    1    0    0    1     0     0     0   93
09:00:31       7   100    0    0    0    0    0     0     0     0    0
09:00:32       0     0    0    0    0    0    0     0     0     0   98
09:00:32       1     0    0    3    0    0    0     0     0     0   96
09:00:32       2   100    0    0    0    0    0     0     0     0    0
09:00:32       3     0    0    0    0    0    0     0     0     0  100
09:00:32       4     7    0    2    0    0    0     0     0     0   91
09:00:32       5     1    0    0    0    0    0     0     0     0   98
09:00:32       6     1    0    1    0    0    0     0     0     0   98
09:00:32       7    98    0    1    0    0    0     0     0     0    0
09:00:33       0     1    0    1    0    0    0     0     0     0   98
09:00:33       1     1    0    0    0    0    0     0     0     0   98
09:00:33       2    98    0    2    0    0    0     0     0     0    0
09:00:33       3    14    0    0    0    0    0     0     0     0   86
09:00:33       4     7    0    0    0    0    0     0     0     0   92
09:00:33       5     7    0    3    0    0    0     0     0     0   90
09:00:33       6     1    0    1    0    0    0     0     0     0   98
09:00:33       7   100    0    0    0    0    0     0     0     0    0
09:00:34       0     0    0    0    0    0    0     0     0     0  100
09:00:34       1     0    0    0    0    0    0     0     0     0   98
09:00:34       2   100    0    0    0    0    0     0     0     0    0
09:00:34       3     1    0    0    0    0    0     0     0     0   98
09:00:34       4     0    0    0    0    0    0     0     0     0  100
09:00:34       5     1    0    0    0    0    0     0     0     0   99
09:00:34       6     0    0    0    0    0    0     0     0     0  100
09:00:34       7    97    0    2    0    0    0     0     0     0    0
09:00:35       0     0    0    0    0    0    0     0     0     0  100
09:00:35       1     0    0    0    0    0    0     0     0     0  100
09:00:35       2   100    0    0    0    0    0     0     0     0    0
09:00:35       3     1    0    0    0    0    0     0     0     0   99
09:00:35       4     0    0    0    0    0    0     0     0     0  100
09:00:35       5     0    1    0    0    0    0     0     0     0   99
09:00:35       6     0    0    0    0    0    0     0     0     0  100
09:00:35       7    98    0    2    0    0    0     0     0     0    0
09:00:36       0     0    0    0    1    0    0     0     0     0   99
09:00:36       1     0    0    1    2    0    0     0     0     0   96
09:00:36       2    90    0   10    0    0    0     0     0     0    0
09:00:36       3     0    0    0    0    0    0     0     0     0  100
09:00:36       4     0    0    1    0    0    0     0     0     0   99
09:00:36       5     1    0    1    0    0    0     0     0     0   98
09:00:36       6     0    0    0    0    0    0     0     0     0  100
09:00:36       7    91    0    8    0    0    0     0     0     0    0
09:00:37       0     0    0    0    0    0    0     0     0     0  100
09:00:37       1     1    0    0    0    0    0     0     0     0   99
09:00:37       2   100    0    0    0    0    0     0     0     0    0
09:00:37       3     0    0    0    0    0    0     0     0     0  100
09:00:37       4     2    0    0    0    0    0     0     0     0   97
09:00:37       5     0    0    0    0    0    0     0     0     0  100
09:00:37       6     0    0    0    0    0    0     0     0     0  100
09:00:37       7    99    0    1    0    0    0     0     0     0    0
09:00:38       0     0    0    1    0    0    0     0     0     0   99
09:00:38       1     0    0    0    0    0    0     0     0     0  100
09:00:38       2    99    0    0    0    0    0     0     0     0    0
09:00:38       3     0    0    0    0    0    0     0     0     0  100
09:00:38       4     0    0    0    0    0    0     0     0     0   98
09:00:38       5     1    0    0    0    0    0     0     0     0   99
09:00:38       6     1    0    0    0    0    0     0     0     0   99
09:00:38       7    99    0    1    0    0    0     0     0     0    0
09:00:39       0     9    0    0    0    0    0     0     0     0   90
09:00:39       1     2    0    1    0    0    0     0     0     0   96
09:00:39       2    99    0    1    0    0    0     0     0     0    0
09:00:39       3     0    0    0    0    0    0     0     0     0   98
09:00:39       4     0    1    1    0    0    0     0     0     0   98
09:00:39       5     1    0    0    0    0    0     0     0     0   99
09:00:39       6     1    0    0    0    0    0     0     0     0   99
09:00:39       7    99    0    1    0    0    0     0     0     0    0
09:00:40       0    10   10    2    0    0    0     0     0     0   77
09:00:40       1     3    0    0    0    0    0     0     0     0   94
09:00:40       2   100    0    0    0    0    0     0     0     0    0
09:00:40       3     0    1    1    0    0    0     0     0     0   98
09:00:40       4     3    0    1    0    0    0     0     0     0   96
09:00:40       5     4    0    0    0    0    0     0     0     0   94
09:00:40       6    10    1    2    0    0    0     0     0     0   86
09:00:40       7    98    0    2    0    0    0     0     0     0    0
09:00:41       0     0   37    3    0    0    0     0     0     0   59
09:00:41       1     2    1    0    0    0    0     0     0     0   93
09:00:41       2    99    0    1    0    0    0     0     0     0    0
09:00:41       3     1    1    0    0    0    0     0     0     0   97
09:00:41       4     2   13    1    0    0    0     0     0     0   84
09:00:41       5     1   12    1    0    0    0     0     0     0   86
09:00:41       6     1    0    1    0    0    0     0     0     0   98
09:00:41       7   100    0    0    0    0    0     0     0     0    0
09:00:42       0     4    0    1    0    0    0     0     0     0   93
09:00:42       1     0    0    1    0    0    0     0     0     0   98
09:00:42       2    99    0    1    0    0    0     0     0     0    0
09:00:42       3     1    0    1    0    0    0     0     0     0   95
09:00:42       4     1    0    0    0    0    0     0     0     0   98
09:00:42       5     0    0    0    0    0    0     0     0     0  100
09:00:42       6     1    0    1    0    0    0     0     0     0   98
09:00:42       7    99    0    0    0    0    0     0     0     0    0
09:00:43       0     1    0    0    0    0    0     0     0     0   99
09:00:43       1     0    0    2    0    0    0     0     0     0   98
09:00:43       2   100    0    0    0    0    0     0     0     0    0
09:00:43       3     3    0    0    0    0    0     0     0     0   97
09:00:43       4     1    0    0    0    0    0     0     0     0   99
09:00:43       5     2    0    1    0    0    0     0     0     0   97
09:00:43       6     1    0    0    0    0    0     0     0     0   99
09:00:43       7    98    0    1    0    0    0     0     0     0    0
09:00:44       0     2    1    0    0    0    0     0     0     0   97
09:00:44       1     0    0    2    0    0    0     0     0     0   98
09:00:44       2    97    0    0    0    0    0     0     0     0    2
09:00:44       3     5    0    2    0    0    0     0     0     0   93
09:00:44       4     0    0    0    0    0    0     0     0     0  100
09:00:44       5     5    0    0    0    0    0     0     0     0   93
09:00:44       6     0    0    0    0    0    0     0     0     0  100
09:00:44       7   100    0    0    0    0    0     0     0     0    0
09:00:45       0   100    0    0    0    0    0     0     0     0    0
09:00:45       1     0    0    0    0    0    0     0     0     0  100
09:00:45       2     0    1    0    0    0    0     0     0     0   99
09:00:45       3     1    0    0    0    0    0     0     0     0   98
09:00:45       4     1    0    1    0    0    0     0     0     0   96
09:00:45       5     0    0    0    0    0    0     0     0     0  100
09:00:45       6     1    0    0    0    0    0     0     0     0   99
09:00:45       7   100    0    0    0    0    0     0     0     0    0
09:00:46       0   100    0    0    0    0    0     0     0     0    0
09:00:46       1     1    0    0    0    0    0     0     0     0   99
09:00:46       2     0    0    1    1    0    0     0     0     0   98
09:00:46       3     1    0    0    0    0    0     0     0     0   96
09:00:46       4     0    0    0    0    0    0     0     0     0  100
09:00:46       5     0    0    0    0    0    0     0     0     0   98
09:00:46       6     0    0    0    0    0    0     0     0     0  100
09:00:46       7    99    0    0    0    0    0     0     0     0    0
09:00:47       0   100    0    0    0    0    0     0     0     0    0
09:00:47       1     0    0    0    0    0    0     0     0     0  100
09:00:47       2     0    1    0    0    0    0     0     0     0   99
09:00:47       3     1    0    0    0    0    0     0     0     0   97
09:00:47       4     0    0    0    0    0    0     0     0     0  100
09:00:47       5     0    1    0    1    0    0     0     0     0   98
09:00:47       6     0    0    0    0    0    0     0     0     0  100
09:00:47       7   100    0    0    0    0    0     0     0     0    0
09:00:48       0    99    0    1    0    0    0     0     0     0    0
09:00:48       1     0    1    0    0    0    0     0     0     0   99
09:00:48       2     1    0    0    1    0    0     0     0     0   98
09:00:48       3     0    0    0    0    0    0     0     0     0  100
09:00:48       4     1    0    0    0    0    0     0     0     0   99
09:00:48       5     1    0    0    0    0    0     0     0     0   97
09:00:48       6     1    0    0    0    0    0     0     0     0   99
09:00:48       7   100    0    0    0    0    0     0     0     0    0
09:00:49       0    99    0    0    0    0    0     0     0     0    0
09:00:49       1     0    0    0    0    0    0     0     0     0  100
09:00:49       2     0    0    0    0    0    0     0     0     0   97
09:00:49       3     0    0    0    0    0    0     0     0     0  100
09:00:49       4     0    0    0    0    0    0     0     0     0  100
09:00:49       5     1    0    0    0    0    0     0     0     0   99
09:00:49       6     1    0    1    0    0    0     0     0     0   98
09:00:49       7    99    0    1    0    0    0     0     0     0    0
09:00:50       0   100    0    0    0    0    0     0     0     0    0
09:00:50       1     0    0    0    0    0    0     0     0     0   98
09:00:50       2     2    0    0    0    0    0     0     0     0   97
09:00:50       3     0    0    0    0    0    0     0     0     0  100
09:00:50       4     0    0    0    0    0    0     0     0     0  100
09:00:50       5     0    0    0    0    0    0     0     0     0  100
09:00:50       6     1    0    0    0    0    0     0     0     0   98
09:00:50       7   100    0    0    0    0    0     0     0     0    0

# SINGLE CPU[HYPER] STATISTICS
#Time        Cpu  User Nice  Sys Wait IRQ  Soft Steal Guest NiceG Idle
09:00:51       0   100    0    0    0    0    0     0     0     0    0
09:00:51       1     1    0    0    0    0    0     0     0     0   97
09:00:51       2     0    0    2    1    0    0     0     0     0   96
09:00:51       3     0    0    1    0    0    0     0     0     0   99
09:00:51       4     1    1    1    0    0    0     0     0     0   97
09:00:51       5     1    0    0    0    0    0     0     0     0   99
09:00:51       6     1    0    0    0    0    0     0     0     0   98
09:00:51       7    99    0    0    0    0    0     0     0     0    0
09:00:52       0    39   26    0    0    0    0     0     0     0   35
09:00:52       1    61    0    0    0    0    0     0     0     0   38
09:00:52       2     1    0    0    0    0    0     0     0     0   98
09:00:52       3     1    0    0    0    0    0     0     0     0   99
09:00:52       4     0    6    2    0    0    0     0     0     0   92
09:00:52       5     0    0    1    0    0    0     0     0     0   99
09:00:52       6     0    4    0    0    0    0     0     0     0   95
09:00:52       7   100    0    0    0    0    0     0     0     0    0
09:00:53       0     0    0    1    0    0    0     0     0     0   99
09:00:53       1   100    0    0    0    0    0     0     0     0    0
09:00:53       2     0    0    0    0    0    0     0     0     0  100
09:00:53       3     0    0    0    0    0    0     0     0     0  100
09:00:53       4     0    0    0    0    0    0     0     0     0  100
09:00:53       5     0    0    0    0    0    0     0     0     0  100
09:00:53       6     0    0    0    0    0    0     0     0     0  100
09:00:53       7   100    0    0    0    0    0     0     0     0    0
09:00:54       0     0    0    0    0    0    0     0     0     0  100
09:00:54       1   100    0    0    0    0    0     0     0     0    0
09:00:54       2     1    0    0    0    0    0     0     0     0   99
09:00:54       3     0    0    0    0    0    0     0     0     0   99
09:00:54       4     0    0    1    0    0    0     0     0     0   99
09:00:54       5     0    0    0    0    0    0     0     0     0  100
09:00:54       6     0    0    0    0    0    0     0     0     0  100
09:00:54       7    99    0    1    0    0    0     0     0     0    0
09:00:55       0     0    0    0    0    0    0     0     0     0  100
09:00:55       1   100    0    0    0    0    0     0     0     0    0
09:00:55       2     1    0    0    0    0    0     0     0     0   99
09:00:55       3     0    1    0    0    0    0     0     0     0   99
09:00:55       4     0    0    0    0    0    0     0     0     0  100
09:00:55       5     0    0    0    0    0    0     0     0     0  100
09:00:55       6     1    0    0    0    0    0     0     0     0   98
09:00:55       7   100    0    0    0    0    0     0     0     0    0
09:00:56       0     0    0    0    0    0    0     0     0     0   98
09:00:56       1   100    0    0    0    0    0     0     0     0    0
09:00:56       2     1    0    1    0    0    0     0     0     0   98
09:00:56       3     0    0    0    0    0    0     0     0     0   98
09:00:56       4     0    0    0    0    0    0     0     0     0   97
09:00:56       5     0    0    1    0    0    0     0     0     0   99
09:00:56       6     0    0    0    0    0    0     0     0     0  100
09:00:56       7    99    0    1    0    0    0     0     0     0    0
09:00:57       0     0    0    0    1    0    0     0     0     0   98
09:00:57       1    99    0    1    0    0    0     0     0     0    0
09:00:57       2     1    0    0    0    0    0     0     0     0   99
09:00:57       3     0    0    0    0    0    0     0     0     0   98
09:00:57       4     0    0    0    0    0    0     0     0     0   98
09:00:57       5     0    0    0    0    0    0     0     0     0  100
09:00:57       6     0    0    0    0    0    0     0     0     0  100
09:00:57       7   100    0    0    0    0    0     0     0     0    0
09:00:58       0     2    0    1    0    0    0     0     0     0   94
09:00:58       1    99    0    1    0    0    0     0     0     0    0
09:00:58       2     0    0    1    0    0    0     0     0     0   99
09:00:58       3     0    0    0    0    0    0     0     0     0  100
09:00:58       4     0    0    0    0    0    0     0     0     0  100
09:00:58       5     0    0    0    0    0    0     0     0     0  100
09:00:58       6     1    0    0    0    0    0     0     0     0   98
09:00:58       7    99    0    1    0    0    0     0     0     0    0
09:00:59       0     0    0    0    0    0    0     0     0     0  100
09:00:59       1   100    0    0    0    0    0     0     0     0    0
09:00:59       2     1    0    0    0    0    0     0     0     0   96
09:00:59       3     0    0    1    0    0    0     0     0     0   99
09:00:59       4     1    0    0    0    0    0     0     0     0   98
09:00:59       5     0    0    0    0    0    0     0     0     0   98
09:00:59       6     0    0    0    0    0    0     0     0     0  100
09:00:59       7   100    0    0    0    0    0     0     0     0    0
09:01:00       0     1    0    0    0    0    0     0     0     0   98
09:01:00       1   100    0    0    0    0    0     0     0     0    0
09:01:00       2     2    0    0    0    0    0     0     0     0   96
09:01:00       3     1    0    0    0    0    0     0     0     0   99
09:01:00       4     1    0    0    0    0    0     0     0     0   96
09:01:00       5     3    0    0    0    0    0     0     0     0   96
09:01:00       6     0    0    0    1    0    0     0     0     0   98
09:01:00       7   100    0    0    0    0    0     0     0     0    0
09:01:01       0     0    0    0    0    0    0     0     0     0   98
09:01:01       1    99    0    1    0    0    0     0     0     0    0
09:01:01       2     2    0    1    0    0    0     0     0     0   97
09:01:01       3     0    0    1    0    0    0     0     0     0   98
09:01:01       4     0    0    0    0    0    0     0     0     0  100
09:01:01       5     1    0    0    0    0    0     0     0     0   97
09:01:01       6     0    0    0    0    0    0     0     0     0   98
09:01:01       7    99    0    0    0    0    0     0     0     0    0
09:01:02       0     0    0    0    0    0    0     0     0     0  100
09:01:02       1   100    0    0    0    0    0     0     0     0    0
09:01:02       2     1    0    0    0    0    0     0     0     0   97
09:01:02       3     1    0    0    0    0    0     0     0     0   98
09:01:02       4     0    0    1    0    0    0     0     0     0   97
09:01:02       5     0    0    0    0    0    0     0     0     0  100
09:01:02       6     0    0    0    0    0    0     0     0     0  100
09:01:02       7   100    0    0    0    0    0     0     0     0    0
09:01:03       0     0    0    0    0    0    0     0     0     0  100
09:01:03       1   100    0    0    0    0    0     0     0     0    0
09:01:03       2     0    0    0    0    0    0     0     0     0  100
09:01:03       3     0    0    1    0    0    0     0     0     0   99
09:01:03       4     2    0    0    0    0    0     0     0     0   96
09:01:03       5     0    0    0    0    0    0     0     0     0  100
09:01:03       6     1    0    0    0    0    0     0     0     0   99
09:01:03       7    99    0    1    0    0    0     0     0     0    0
09:01:04       0     0    0    0    0    0    0     0     0     0  100
09:01:04       1   100    0    0    0    0    0     0     0     0    0
09:01:04       2     1    0    0    0    0    0     0     0     0   99
09:01:04       3     0    0    0    0    0    0     0     0     0  100
09:01:04       4     1    0    0    0    0    0     0     0     0   99
09:01:04       5     1    0    1    0    0    0     0     0     0   98
09:01:04       6     2    1    0    0    0    0     0     0     0   97
09:01:04       7    99    0    1    0    0    0     0     0     0    0
09:01:05       0     0    0    1    0    0    0     0     0     0   99
09:01:05       1   100    0    0    0    0    0     0     0     0    0
09:01:05       2     1    0    0    0    0    0     0     0     0   99
09:01:05       3     1    0    0    0    0    0     0     0     0   99
09:01:05       4     0    1    0    0    0    0     0     0     0   99
09:01:05       5     0    0    0    0    0    0     0     0     0  100
09:01:05       6     2    0    0    0    0    0     0     0     0   98
09:01:05       7   100    0    0    0    0    0     0     0     0    0
09:01:06       0     1    0    0    0    0    0     0     0     0   99
09:01:06       1    99    0    1    0    0    0     0     0     0    0
09:01:06       2     0    0    0    1    0    0     0     0     0   99
09:01:06       3     0    0    0    0    0    0     0     0     0   98
09:01:06       4     0    0    0    0    0    0     0     0     0  100
09:01:06       5     1    0    0    1    0    0     0     0     0   98
09:01:06       6     0    0    0    1    0    0     0     0     0   96
09:01:06       7   100    0    0    0    0    0     0     0     0    0
09:01:07       0     1    0    0    0    0    0     0     0     0   99
09:01:07       1   100    0    0    0    0    0     0     0     0    0
09:01:07       2     0    0    0    0    0    0     0     0     0  100
09:01:07       3     1    0    0    0    0    0     0     0     0   98
09:01:07       4     0    0    0    0    0    0     0     0     0   98
09:01:07       5     0    0    0    0    0    0     0     0     0  100
09:01:07       6     1    0    0    0    0    0     0     0     0   98
09:01:07       7    99    0    1    0    0    0     0     0     0    0
09:01:08       0     1    0    0    0    0    0     0     0     0   99
09:01:08       1    99    0    1    0    0    0     0     0     0    0
09:01:08       2     1    0    0    0    0    0     0     0     0   99
09:01:08       3     1    0    0    0    0    0     0     0     0   99
09:01:08       4     1    0    0    0    0    0     0     0     0   99
09:01:08       5     1    0    0    0    0    0     0     0     0   99
09:01:08       6     0    0    0    0    0    0     0     0     0  100
09:01:08       7   100    0    0    0    0    0     0     0     0    0
09:01:09       0     1    0    0    0    0    0     0     0     0   98
09:01:09       1    99    0    1    0    0    0     0     0     0    0
09:01:09       2     0    0    1    0    0    0     0     0     0   98
09:01:09       3     0    0    1    0    0    0     0     0     0   98
09:01:09       4     0    0    1    0    0    0     0     0     0   99
09:01:09       5     0    0    1    0    0    0     0     0     0   99
09:01:09       6     0    0    0    0    0    0     0     0     0  100
09:01:09       7    99    0    0    0    0    0     0     0     0    0
09:01:10       0     0    0    0    0    0    0     0     0     0  100
09:01:10       1    99    0    1    0    0    0     0     0     0    0
09:01:10       2     0    0    0    0    0    0     0     0     0   99
09:01:10       3     0    0    0    0    0    0     0     0     0   98
09:01:10       4     0    0    0    0    0    0     0     0     0  100
09:01:10       5     0    0    0    0    0    0     0     0     0  100
09:01:10       6     0    0    1    0    0    0     0     0     0   99
09:01:10       7    98    0    1    0    0    0     0     0     0    0
09:01:11       0     0    0    1    0    0    0     0     0     0   98
09:01:11       1    96    0    4    0    0    0     0     0     0    0
09:01:11       2     4    0    1    0    0    0     0     0     0   94
09:01:11       3     0    1    0    0    0    0     0     0     0   98
09:01:11       4     1    0    0    1    0    0     0     0     0   97
09:01:11       5     1    0    3    0    0    0     0     0     0   95
09:01:11       6     4    0    0    0    0    0     0     0     0   95
09:01:11       7    99    0    0    0    0    0     0     0     0    0
09:01:12       0     0    0    0    0    0    0     0     0     0  100
09:01:12       1    99    0    1    0    0    0     0     0     0    0
09:01:12       2     0    0    1    0    0    0     0     0     0   98
09:01:12       3     0    0    0    0    0    0     0     0     0  100
09:01:12       4     0    0    1    0    0    0     0     0     0   98
09:01:12       5     0    0    0    0    0    0     0     0     0  100
09:01:12       6     0    1    0    0    0    0     0     0     0   98
09:01:12       7   100    0    0    0    0    0     0     0     0    0

# SINGLE CPU[HYPER] STATISTICS
#Time        Cpu  User Nice  Sys Wait IRQ  Soft Steal Guest NiceG Idle
09:01:13       0     2    0    0    0    0    0     0     0     0   98
09:01:13       1    99    0    1    0    0    0     0     0     0    0
09:01:13       2     1    0    0    0    0    0     0     0     0   98
09:01:13       3     1    0    0    0    0    0     0     0     0   99
09:01:13       4     0    0    0    0    0    0     0     0     0  100
09:01:13       5     0    0    1    0    0    0     0     0     0   99
09:01:13       6     1    0    0    0    0    0     0     0     0   99
09:01:13       7   100    0    0    0    0    0     0     0     0    0
09:01:14       0     0    0    1    0    0    0     0     0     0   98
09:01:14       1    99    0    1    0    0    0     0     0     0    0
09:01:14       2     1    0    0    0    0    0     0     0     0   99
09:01:14       3     0    0    1    0    0    0     0     0     0   99
09:01:14       4     0    0    0    1    0    0     0     0     0   99
09:01:14       5     3    0    0    0    0    0     0     0     0   96
09:01:14       6     0    0    0    0    0    0     0     0     0  100
09:01:14       7    99    0    1    0    0    0     0     0     0    0
09:01:15       0     1    0    0    0    0    0     0     0     0   99
09:01:15       1    99    0    1    0    0    0     0     0     0    0
09:01:15       2     0    0    0    0    0    0     0     0     0   97
09:01:15       3     0    0    0    0    0    0     0     0     0  100
09:01:15       4     1    0    0    0    0    0     0     0     0   97
09:01:15       5     0    0    0    0    0    0     0     0     0   98
09:01:15       6     0    0    1    0    0    0     0     0     0   98
09:01:15       7   100    0    0    0    0    0     0     0     0    0
09:01:16       0     0    0    0    0    0    0     0     0     0   97
09:01:16       1    99    0    1    0    0    0     0     0     0    0
09:01:16       2     2    0    0    0    0    0     0     0     0   98
09:01:16       3     0    0    0    0    0    0     0     0     0  100
09:01:16       4     1    0    0    0    0    0     0     0     0   97
09:01:16       5     0    0    0    0    0    0     0     0     0  100
09:01:16       6     1    0    0    0    0    0     0     0     0   99
09:01:16       7    98    0    2    0    0    0     0     0     0    0
09:01:17       0    46    0    1    0    0    0     0     0     0   53
09:01:17       1    52    0    1    0    0    0     0     0     0   46
09:01:17       2     0    0    0    0    0    0     0     0     0   98
09:01:17       3     1    0    0    0    0    0     0     0     0   98
09:01:17       4     1    0    0    0    0    0     0     0     0   99
09:01:17       5     1    0    0    0    0    0     0     0     0   99
09:01:17       6     0    0    0    0    0    0     0     0     0  100
09:01:17       7    98    0    2    0    0    0     0     0     0    0
09:01:18       0   100    0    0    0    0    0     0     0     0    0
09:01:18       1     0    0    3    0    0    0     0     0     0   97
09:01:18       2     1    0    0    0    0    0     0     0     0   96
09:01:18       3     1    0    1    0    0    0     0     0     0   98
09:01:18       4     0    0    1    0    0    0     0     0     0   99
09:01:18       5     0    0    1    0    0    0     0     0     0   98
09:01:18       6     1    0    2    0    0    0     0     0     0   97
09:01:18       7   100    0    0    0    0    0     0     0     0    0
09:01:19       0    99    0    1    0    0    0     0     0     0    0
09:01:19       1     3    0    3    0    0    0     0     0     0   92
09:01:19       2     1    0    0    0    0    0     0     0     0   96
09:01:19       3     0    0    0    0    0    0     0     0     0  100
09:01:19       4     1    0    0    0    0    0     0     0     0   99
09:01:19       5     1    0    1    0    0    0     0     0     0   97
09:01:19       6     7    0    2    0    0    0     0     0     0   90
09:01:19       7   100    0    0    0    0    0     0     0     0    0
09:01:20       0    99    0    1    0    0    0     0     0     0    0
09:01:20       1     0    0    6    0    0    0     0     0     0   94
09:01:20       2     2    0    0    0    0    0     0     0     0   98
09:01:20       3     3    0    0    0    0    0     0     0     0   95
09:01:20       4     0    0    1    0    0    0     0     0     0   96
09:01:20       5     1    0    0    0    0    0     0     0     0   98
09:01:20       6     6    0    3    0    0    0     0     0     0   90
09:01:20       7    99    0    0    0    0    0     0     0     0    0
09:01:21       0    25    0    2    0    0    0     0     0     0   71
09:01:21       1    83    0    1    0    0    0     0     0     0   15
09:01:21       2     4    0    1    0    0    0     0     0     0   95
09:01:21       3     8    0    1    0    0    0     0     0     0   91
09:01:21       4    26    1    3    0    0    0     0     0     0   69
09:01:21       5    10    0    2    0    0    0     0     0     0   86
09:01:21       6     8    0    1    0    0    0     0     0     0   90
09:01:21       7    96    0    3    0    0    0     0     0     0    0
09:01:22       0     0    0    1    0    0    0     0     0     0   99
09:01:22       1    99    0    0    0    0    0     0     0     0    0
09:01:22       2     2    0    0    0    0    0     0     0     0   97
09:01:22       3     0    0    0    0    0    0     0     0     0  100
09:01:22       4     0    0    0    0    0    0     0     0     0   98
09:01:22       5     1    0    0    0    0    0     0     0     0   96
09:01:22       6     1    0    1    0    0    0     0     0     0   98
09:01:22       7    98    0    1    0    0    0     0     0     0    0
09:01:23       0     1    0    1    0    0    0     0     0     0   96
09:01:23       1    96    0    3    0    0    0     0     0     0    0
09:01:23       2     0    0    0    0    0    0     0     0     0   97
09:01:23       3     0    0    1    0    0    0     0     0     0   98
09:01:23       4     2    0    0    0    0    0     0     0     0   97
09:01:23       5     1    0    1    0    0    0     0     0     0   98
09:01:23       6     0    0    0    0    0    0     0     0     0  100
09:01:23       7   100    0    0    0    0    0     0     0     0    0
09:01:24       0     2    0    0    0    0    0     0     0     0   97
09:01:24       1    42    0    6    0    0    0     0     0     0   52
09:01:24       2     2    0    0    0    0    0     0     0     0   98
09:01:24       3    11    0    2    0    0    0     0     0     0   87
09:01:24       4    58    0    1    0    0    0     0     0     0   41
09:01:24       5     0    0    1    0    0    0     0     0     0   98
09:01:24       6     2    0    0    0    0    0     0     0     0   97
09:01:24       7    98    0    1    0    0    0     0     0     0    0
09:01:25       0     0    0    0    0    0    0     0     0     0  100
09:01:25       1     0    0    1    0    0    0     0     0     0   98
09:01:25       2     1    0    0    1    0    0     0     0     0   98
09:01:25       3    12    0    1    0    0    0     0     0     0   86
09:01:25       4    99    0    1    0    0    0     0     0     0    0
09:01:25       5     0    0    0    1    0    0     0     0     0   98
09:01:25       6     0    0    0    0    0    0     0     0     0   97
09:01:25       7    99    0    1    0    0    0     0     0     0    0
09:01:26       0     1    0    1    0    0    0     0     0     0   98
09:01:26       1     1    0    3    0    0    0     0     0     0   96
09:01:26       2     2    0    0    0    0    0     0     0     0   96
09:01:26       3     4    0    1    0    0    0     0     0     0   94
09:01:26       4    99    0    1    0    0    0     0     0     0    0
09:01:26       5     0    0    1    0    0    0     0     0     0   99
09:01:26       6     0    0    0    0    0    0     0     0     0  100
09:01:26       7   100    0    0    0    0    0     0     0     0    0
09:01:27       0     1    0    1    0    0    0     0     0     0   97
09:01:27       1     1    0    5    0    0    0     0     0     0   94
09:01:27       2     5    0    0    0    0    0     0     0     0   94
09:01:27       3     0    0    0    0    0    0     0     0     0  100
09:01:27       4    98    0    2    0    0    0     0     0     0    0
09:01:27       5     5    0    0    0    0    0     0     0     0   95
09:01:27       6     2    0    1    0    0    0     0     0     0   96
09:01:27       7    95    0    5    0    0    0     0     0     0    0
09:01:28       0     4    0    0    0    0    0     0     0     0   95
09:01:28       1     4    0    1    0    0    0     0     0     0   94
09:01:28       2     5    0    0    0    0    0     0     0     0   94
09:01:28       3    25    0    5    0    0    0     0     0     0   69
09:01:28       4    93    0    5    0    0    0     0     0     0    0
09:01:28       5    16    0    1    0    0    0     0     0     0   81
09:01:28       6     4    0    2    0    0    0     0     0     0   93
09:01:28       7    73    0   27    0    0    0     0     0     0    0
09:01:29       0     0    0    4    0    0    0     0     0     0   95
09:01:29       1     0    0    3    0    0    0     0     0     0   96
09:01:29       2     1    0    1    0    0    0     0     0     0   97
09:01:29       3     5    0    1    0    0    0     0     0     0   94
09:01:29       4    83    0   15    0    0    0     0     0     0    2
09:01:29       5     2    0    2    0    0    0     0     0     0   96
09:01:29       6     2    0    1    0    0    0     0     0     0   96
09:01:29       7    51    0   20    0    0    0     0     0     0   29
09:01:30       0     0    0    0    0    0    0     0     0     0  100
09:01:30       1     0    0    5    0    0    0     0     0     0   95
09:01:30       2    94    0    6    0    0    0     0     0     0    0
09:01:30       3     8    0    1    0    0    0     0     0     0   91
09:01:30       4     0    0    0    1    0    0     0     0     0   98
09:01:30       5     0    0    0    0    0    0     0     0     0   98
09:01:30       6     1    0    0    0    0    0     0     0     0   97
09:01:30       7    53    0    1    0    0    0     0     0     0   46
09:01:31       0     2    0    1    0    0    0     0     0     0   97
09:01:31       1     1    0    3    0    0    0     0     0     0   94
09:01:31       2    99    0    0    0    0    0     0     0     0    0
09:01:31       3    13    0    2    0    0    0     0     0     0   84
09:01:31       4     1    0    1    0    0    0     0     0     0   97
09:01:31       5     2    0    0    0    0    0     0     0     0   98
09:01:31       6     0    0    2    0    0    0     0     0     0   97
09:01:31       7    80    0   15    0    0    0     0     0     0    4
09:01:32       0     1    0    0    0    0    0     0     0     0   97
09:01:32       1    25    0    2    0    0    0     0     0     0   73
09:01:32       2    76    0    1    0    0    0     0     0     0   23
09:01:32       3     4    0    3    0    0    0     0     0     0   93
09:01:32       4     8    0    2    0    0    0     0     0     0   90
09:01:32       5    10    0    1    0    0    0     0     0     0   89
09:01:32       6     8    0    1    0    0    0     0     0     0   90
09:01:32       7    91    0    8    0    0    0     0     0     0    0
09:01:33       0     2    0    1    0    0    0     0     0     0   97
09:01:33       1    95    0    5    0    0    0     0     0     0    0
09:01:33       2     7    0    0    0    0    0     0     0     0   91
09:01:33       3     1    0    0    0    0    0     0     0     0   98
09:01:33       4     2    0    0    0    0    0     0     0     0   97
09:01:33       5     0    0    1    0    0    0     0     0     0   97
09:01:33       6     1    0    1    0    0    0     0     0     0   97
09:01:33       7    94    0    6    0    0    0     0     0     0    0
09:01:34       0     1    0    0    0    0    0     0     0     0   97
09:01:34       1    95    0    5    0    0    0     0     0     0    0
09:01:34       2     0    0    1    0    0    0     0     0     0   98
09:01:34       3    17    0    1    0    0    0     0     0     0   81
09:01:34       4     1    0    0    0    0    0     0     0     0   98
09:01:34       5     0    0    0    0    0    0     0     0     0  100
09:01:34       6     0    1    0    0    0    1     0     0     0   98
09:01:34       7    95    0    4    0    0    0     0     0     0    0

# SINGLE CPU[HYPER] STATISTICS
#Time        Cpu  User Nice  Sys Wait IRQ  Soft Steal Guest NiceG Idle
09:01:35       0     4    0    1    0    0    0     0     0     0   94
09:01:35       1    97    0    3    0    0    0     0     0     0    0
09:01:35       2    10    0    1    0    0    0     0     0     0   89
09:01:35       3    10    0    0    0    0    0     0     0     0   88
09:01:35       4     3    0    1    0    0    0     0     0     0   96
09:01:35       5     4    0    0    0    0    0     0     0     0   94
09:01:35       6     3    0    1    0    0    0     0     0     0   95
09:01:35       7    94    0    6    0    0    0     0     0     0    0
09:01:36       0     2    1    1    0    0    0     0     0     0   96
09:01:36       1    96    0    4    0    0    0     0     0     0    0
09:01:36       2     1    0    1    0    0    0     0     0     0   96
09:01:36       3     1    0    1    0    0    0     0     0     0   97
09:01:36       4     3    0    0    0    0    0     0     0     0   96
09:01:36       5     4    0    1    0    0    0     0     0     0   94
09:01:36       6     2    1    1    0    0    0     0     0     0   96
09:01:36       7    97    0    3    0    0    0     0     0     0    0
09:01:37       0     2    0    1    0    0    0     0     0     0   95
09:01:37       1    92    0    8    0    0    0     0     0     0    0
09:01:37       2     2    0    0    0    0    0     0     0     0   98
09:01:37       3     2    0    1    0    0    0     0     0     0   96
09:01:37       4     0    0    0    0    0    0     0     0     0  100
09:01:37       5     2    0    1    0    0    0     0     0     0   96
09:01:37       6     1    0    0    0    0    0     0     0     0   99
09:01:37       7    95    0    5    0    0    0     0     0     0    0
09:01:38       0     1    0    0    0    0    0     0     0     0   96
09:01:38       1    93    0    7    0    0    0     0     0     0    0
09:01:38       2     0    0    1    1    0    0     0     0     0   98
09:01:38       3     1    0    0    0    0    0     0     0     0   98
09:01:38       4     1    0    0    1    0    0     0     0     0   98
09:01:38       5     1    0    0    0    0    0     0     0     0   97
09:01:38       6     1    0    0    0    0    0     0     0     0   99
09:01:38       7    96    0    4    0    0    0     0     0     0    0
09:01:39       0     0    0    0    0    0    0     0     0     0  100
09:01:39       1    10    0    6    0    0    0     0     0     0   82
09:01:39       2    89    0    0    0    0    0     0     0     0   11
09:01:39       3     1    0    1    0    0    0     0     0     0   97
09:01:39       4     0    0    1    0    0    0     0     0     0   98
09:01:39       5     0    0    1    1    0    0     0     0     0   97
09:01:39       6     0    0    0    0    0    0     0     0     0  100
09:01:39       7    99    0    1    0    0    0     0     0     0    0
09:01:40       0     0    0    0    0    0    0     0     0     0   98
09:01:40       1     0    0    3    0    0    0     0     0     0   96
09:01:40       2   100    0    0    0    0    0     0     0     0    0
09:01:40       3     1    1    0    0    0    0     0     0     0   98
09:01:40       4     2    0    0    0    0    0     0     0     0   98
09:01:40       5     1    0    1    0    0    0     0     0     0   98
09:01:40       6     0    0    1    0    0    0     0     0     0   99
09:01:40       7   100    0    0    0    0    0     0     0     0    0
09:01:41       0     1    0    0    0    0    0     0     0     0   98
09:01:41       1     0    0    0    0    0    0     0     0     0  100
09:01:41       2   100    0    0    0    0    0     0     0     0    0
09:01:41       3     0    0    0    0    0    0     0     0     0  100
09:01:41       4     1    0    1    0    0    0     0     0     0   97
09:01:41       5     1    0    0    0    0    0     0     0     0   98
09:01:41       6     0    0    0    0    0    0     0     0     0  100
09:01:41       7   100    0    0    0    0    0     0     0     0    0
09:01:42       0     0    0    0    0    0    0     0     0     0  100
09:01:42       1     0    0    0    0    0    0     0     0     0  100
09:01:42       2   100    0    0    0    0    0     0     0     0    0
09:01:42       3     1    0    0    0    0    0     0     0     0   99
09:01:42       4     0    1    0    0    0    0     0     0     0   99
09:01:42       5     1    0    0    0    0    0     0     0     0   99
09:01:42       6     0    0    0    0    0    0     0     0     0  100
09:01:42       7   100    0    0    0    0    0     0     0     0    0
09:01:43       0     0    0    0    0    0    0     0     0     0  100
09:01:43       1     0    0    0    0    0    0     0     0     0  100
09:01:43       2   100    0    0    0    0    0     0     0     0    0
09:01:43       3     0    0    0    0    0    0     0     0     0  100
09:01:43       4     0    0    0    1    0    0     0     0     0   98
09:01:43       5     0    0    1    0    0    0     0     0     0   99
09:01:43       6     0    0    0    0    0    0     0     0     0  100
09:01:43       7   100    0    0    0    0    0     0     0     0    0
09:01:44       0     1    0    0    0    0    0     0     0     0   99
09:01:44       1     0    0    0    0    0    0     0     0     0  100
09:01:44       2   100    0    0    0    0    0     0     0     0    0
09:01:44       3     0    0    0    0    0    0     0     0     0  100
09:01:44       4     1    0    0    0    0    0     0     0     0   97
09:01:44       5     1    0    0    0    0    0     0     0     0   98
09:01:44       6     0    0    1    0    0    0     0     0     0   99
09:01:44       7   100    0    0    0    0    0     0     0     0    0
09:01:45       0     0    0    1    0    0    0     0     0     0   99
09:01:45       1     1    0    0    0    0    0     0     0     0   99
09:01:45       2   100    0    0    0    0    0     0     0     0    0
09:01:45       3     0    0    0    0    0    0     0     0     0  100
09:01:45       4     0    0    0    0    0    0     0     0     0  100
09:01:45       5     0    0    0    0    0    0     0     0     0   99
09:01:45       6     0    0    0    0    0    0     0     0     0   99
09:01:45       7   100    0    0    0    0    0     0     0     0    0
09:01:46       0     0    0    0    0    0    0     0     0     0  100
09:01:46       1     0    0    0    0    0    0     0     0     0  100
09:01:46       2   100    0    0    0    0    0     0     0     0    0
09:01:46       3     0    1    1    0    0    0     0     0     0   98
09:01:46       4     0    0    0    0    0    0     0     0     0  100
09:01:46       5     0    0    0    0    0    0     0     0     0  100
09:01:46       6     0    0    0    0    0    0     0     0     0  100
09:01:46       7   100    0    0    0    0    0     0     0     0    0
09:01:47       0     0    0    0    0    0    0     0     0     0  100
09:01:47       1     0    0    0    0    0    0     0     0     0  100
09:01:47       2   100    0    0    0    0    0     0     0     0    0
09:01:47       3     1    0    0    0    0    0     0     0     0   97
09:01:47       4     0    1    0    0    0    0     0     0     0   99
09:01:47       5     0    0    0    0    0    0     0     0     0  100
09:01:47       6     0    0    0    0    0    0     0     0     0  100
09:01:47       7   100    0    0    0    0    0     0     0     0    0
09:01:48       0     0    0    0    1    0    0     0     0     0   98
09:01:48       1     0    0    0    0    0    0     0     0     0   98
09:01:48       2   100    0    0    0    0    0     0     0     0    0
09:01:48       3     1    0    1    0    0    0     0     0     0   96
09:01:48       4     0    0    0    1    0    0     0     0     0   99
09:01:48       5     0    0    1    0    0    0     0     0     0   98
09:01:48       6     0    0    0    0    0    0     0     0     0   98
09:01:48       7   100    0    0    0    0    0     0     0     0    0
09:01:49       0     0    0    0    0    0    0     0     0     0  100
09:01:49       1     0    0    0    0    0    0     0     0     0  100
09:01:49       2   100    0    0    0    0    0     0     0     0    0
09:01:49       3     1    0    0    0    0    0     0     0     0   99
09:01:49       4     1    0    0    0    0    0     0     0     0   97
09:01:49       5     0    0    0    0    0    0     0     0     0  100
09:01:49       6     0    0    0    0    0    0     0     0     0  100
09:01:49       7   100    0    0    0    0    0     0     0     0    0
09:01:50       0     1    0    0    0    0    0     0     0     0   99
09:01:50       1     0    0    0    0    0    0     0     0     0   99
09:01:50       2   100    0    0    0    0    0     0     0     0    0
09:01:50       3     0    0    0    0    0    0     0     0     0  100
09:01:50       4     1    0    0    0    0    0     0     0     0   97
09:01:50       5     0    0    0    0    0    0     0     0     0   98
09:01:50       6     0    1    1    0    0    0     0     0     0   98
09:01:50       7   100    0    0    0    0    0     0     0     0    0
09:01:51       0     3    0    0    0    0    0     0     0     0   96
09:01:51       1     0    0    0    0    0    0     0     0     0  100
09:01:51       2   100    0    0    0    0    0     0     0     0    0
09:01:51       3     1    0    1    0    0    0     0     0     0   97
09:01:51       4     1    0    0    0    0    0     0     0     0   99
09:01:51       5     0    0    0    0    0    0     0     0     0   99
09:01:51       6     1    0    1    1    0    0     0     0     0   96
09:01:51       7   100    0    0    0    0    0     0     0     0    0
09:01:52       0     0    0    0    0    0    0     0     0     0  100
09:01:52       1    89    0    0    0    0    0     0     0     0   10
09:01:52       2    12    0    0    0    0    0     0     0     0   86
09:01:52       3     0    0    0    0    0    0     0     0     0  100
09:01:52       4     0    0    0    0    0    0     0     0     0   98
09:01:52       5     0    0    1    0    0    0     0     0     0   98
09:01:52       6     0    0    0    0    0    0     0     0     0  100
09:01:52       7   100    0    0    0    0    0     0     0     0    0
09:01:53       0     0    0    1    0    0    0     0     0     0   98
09:01:53       1   100    0    0    0    0    0     0     0     0    0
09:01:53       2     3    0    0    0    0    0     0     0     0   96
09:01:53       3     0    0    0    0    0    0     0     0     0  100
09:01:53       4     0    0    0    1    0    0     0     0     0   98
09:01:53       5     0    0    0    0    0    0     0     0     0   99
09:01:53       6     0    0    0    0    0    0     0     0     0  100
09:01:53       7   100    0    0    0    0    0     0     0     0    0
09:01:54       0     0    0    1    0    0    0     0     0     0   96
09:01:54       1   100    0    0    0    0    0     0     0     0    0
09:01:54       2     1    0    0    0    0    0     0     0     0   98
09:01:54       3     0    0    0    0    0    0     0     0     0  100
09:01:54       4     0    0    0    0    0    0     0     0     0  100
09:01:54       5     0    0    0    0    0    0     0     0     0  100
09:01:54       6     0    1    0    0    0    0     0     0     0   98
09:01:54       7   100    0    0    0    0    0     0     0     0    0
09:01:55       0     0    0    0    0    0    0     0     0     0  100
09:01:55       1   100    0    0    0    0    0     0     0     0    0
09:01:55       2     0    0    0    0    0    0     0     0     0  100
09:01:55       3     1    0    0    0    0    0     0     0     0   98
09:01:55       4     0    0    1    0    0    0     0     0     0   99
09:01:55       5     0    0    0    0    0    0     0     0     0  100
09:01:55       6     0    0    1    0    0    0     0     0     0   99
09:01:55       7   100    0    0    0    0    0     0     0     0    0
09:01:56       0     0    0    0    0    0    0     0     0     0  100
09:01:56       1   100    0    0    0    0    0     0     0     0    0
09:01:56       2     0    0    1    0    0    0     0     0     0   99
09:01:56       3     1    0    1    0    0    0     0     0     0   98
09:01:56       4     0    0    0    0    0    0     0     0     0  100
09:01:56       5     1    0    0    0    0    0     0     0     0   99
09:01:56       6     0    0    0    0    0    0     0     0     0   98
09:01:56       7   100    0    0    0    0    0     0     0     0    0

# SINGLE CPU[HYPER] STATISTICS
#Time        Cpu  User Nice  Sys Wait IRQ  Soft Steal Guest NiceG Idle
09:01:57       0     0    0    0    0    0    0     0     0     0  100
09:01:57       1    95    0    4    1    0    0     0     0     0    0
09:01:57       2     0    0    0    0    0    0     0     0     0  100
09:01:57       3     1    0    0    0    0    0     0     0     0   99
09:01:57       4     1    0    0    0    0    0     0     0     0   99
09:01:57       5     1    0    0    0    0    0     0     0     0   99
09:01:57       6     0    0    0    0    0    0     0     0     0  100
09:01:57       7    99    0    1    0    0    0     0     0     0    0
09:01:58       0     0    0    0    0    0    0     0     0     0  100
09:01:58       1   100    0    0    0    0    0     0     0     0    0
09:01:58       2     1    1    0    0    0    0     0     0     0   98
09:01:58       3     0    0    0    0    0    0     0     0     0  100
09:01:58       4     0    0    0    0    0    0     0     0     0  100
09:01:58       5     0    0    0    0    0    0     0     0     0   99
09:01:58       6     0    0    0    0    0    0     0     0     0  100
09:01:58       7   100    0    0    0    0    0     0     0     0    0
09:01:59       0     0    0    1    0    0    0     0     0     0   98
09:01:59       1   100    0    0    0    0    0     0     0     0    0
09:01:59       2     0    0    0    0    0    0     0     0     0  100
09:01:59       3     0    0    0    0    0    0     0     0     0  100
09:01:59       4     0    0    0    0    0    0     0     0     0  100
09:01:59       5     0    0    0    0    0    0     0     0     0  100
09:01:59       6     0    0    0    0    0    0     0     0     0  100
09:01:59       7   100    0    0    0    0    0     0     0     0    0
09:02:00       0     0    0    0    0    0    0     0     0     0  100
09:02:00       1    94    0    5    0    0    0     0     0     0    0
09:02:00       2     0    0    0    0    0    0     0     0     0  100
09:02:00       3     0    0    0    0    0    0     0     0     0   99
09:02:00       4     1    0    0    0    0    0     0     0     0   99
09:02:00       5     0    0    0    0    0    0     0     0     0   99
09:02:00       6     0    0    0    0    0    0     0     0     0  100
09:02:00       7    97    0    3    0    0    0     0     0     0    0
09:02:01       0     1    0    1    0    0    0     0     0     0   97
09:02:01       1   100    0    0    0    0    0     0     0     0    0
09:02:01       2     0    0    0    0    0    0     0     0     0  100
09:02:01       3     1    0    0    0    0    0     0     0     0   99
09:02:01       4     0    0    0    0    0    0     0     0     0  100
09:02:01       5     0    0    0    0    0    0     0     0     0  100
09:02:01       6     0    0    2    1    0    0     0     0     0   96
09:02:01       7   100    0    0    0    0    0     0     0     0    0
09:02:02       0     0    0    0    0    0    0     0     0     0  100
09:02:02       1    79    0   20    1    0    0     0     0     0    0
09:02:02       2     0    0    0    0    0    0     0     0     0  100
09:02:02       3     0    0    0    0    0    0     0     0     0  100
09:02:02       4     1    0    0    0    0    0     0     0     0   98
09:02:02       5     0    0    0    0    0    0     0     0     0   99
09:02:02       6     0    0    0    0    0    0     0     0     0  100
09:02:02       7    50    0    9    0    0    0     0     0     0   41
09:02:03       0     0    0    0    0    0    0     0     0     0  100
09:02:03       1     2    0    0    0    0    0     0     0     0   96
09:02:03       2     1    0    0    0    0    0     0     0     0   98
09:02:03       3     1    0    0    0    0    0     0     0     0   99
09:02:03       4     0    0    0    0    0    0     0     0     0   99
09:02:03       5    94    0    4    0    0    0     0     0     0    1
09:02:03       6     1    0    0    0    0    0     0     0     0   99
09:02:03       7    82    0    1    0    0    0     0     0     0   17
09:02:04       0     0    0    0    0    0    0     0     0     0  100
09:02:04       1     0    0    0    0    0    0     0     0     0  100
09:02:04       2     0    0    1    0    0    0     0     0     0   97
09:02:04       3     0    0    0    0    0    0     0     0     0  100
09:02:04       4     0    0    0    0    0    0     0     0     0  100
09:02:04       5   100    0    0    0    0    0     0     0     0    0
09:02:04       6     0    0    0    0    0    0     0     0     0  100
09:02:04       7   100    0    0    0    0    0     0     0     0    0
09:02:05       0     0    0    0    0    0    0     0     0     0  100
09:02:05       1     0    0    0    0    0    0     0     0     0  100
09:02:05       2     0    0    2    0    0    0     0     0     0   96
09:02:05       3     0    0    1    0    0    0     0     0     0   99
09:02:05       4     0    0    1    0    0    0     0     0     0   99
09:02:05       5    77    0   23    0    0    0     0     0     0    0
09:02:05       6     0    0    1    0    0    0     0     0     0   99
09:02:05       7    51    0    5    0    0    0     0     0     0   42
09:02:06       0     0    0    0    0    0    0     0     0     0  100
09:02:06       1     1    0    0    0    0    0     0     0     0   99
09:02:06       2    16    0    1    0    0    0     0     0     0   82
09:02:06       3     2    0    0    0    0    0     0     0     0   97
09:02:06       4     0    0    1    0    0    0     0     0     0   97
09:02:06       5    76    0    7    0    0    0     0     0     0   17
09:02:06       6     0    0    0    0    0    0     0     0     0   98
09:02:06       7    79    0    0    0    0    0     0     0     0   18
09:02:07       0     0    0    0    0    0    0     0     0     0   99
09:02:07       1     0    0    0    0    0    0     0     0     0  100
09:02:07       2   100    0    0    0    0    0     0     0     0    0
09:02:07       3     0    0    0    0    0    0     0     0     0  100
09:02:07       4     1    0    0    0    0    0     0     0     0   99
09:02:07       5     1    0    0    0    0    0     0     0     0   97
09:02:07       6     0    0    0    0    0    0     0     0     0  100
09:02:07       7   100    0    0    0    0    0     0     0     0    0
09:02:08       0     0    0    0    0    0    0     0     0     0  100
09:02:08       1     1    0    0    0    0    0     0     0     0   97
09:02:08       2    73    0   27    0    0    0     0     0     0    0
09:02:08       3     0    0    0    0    0    0     0     0     0  100
09:02:08       4     0    0    0    1    0    0     0     0     0   98
09:02:08       5     0    0    0    0    0    0     0     0     0  100
09:02:08       6     1    0    0    0    0    0     0     0     0   99
09:02:08       7    47    0    8    0    0    0     0     0     0   45
09:02:09       0     0    0    0    0    0    0     0     0     0   98
09:02:09       1     3    0    0    0    0    0     0     0     0   96
09:02:09       2    97    0    2    0    0    0     0     0     0    0
09:02:09       3     0    0    0    0    0    0     0     0     0  100
09:02:09       4     1    0    0    0    0    0     0     0     0   99
09:02:09       5     0    0    1    0    0    0     0     0     0   99
09:02:09       6     0    0    0    0    0    0     0     0     0   98
09:02:09       7    92    0    1    0    0    0     0     0     0    6
09:02:10       0     0    0    0    0    0    0     0     0     0  100
09:02:10       1     2    0    0    0    0    0     0     0     0   97
09:02:10       2   100    0    0    0    0    0     0     0     0    0
09:02:10       3     0    0    0    0    0    0     0     0     0   99
09:02:10       4     0    0    0    0    0    0     0     0     0  100
09:02:10       5     0    0    0    0    0    0     0     0     0  100
09:02:10       6     1    0    0    0    0    0     0     0     0   99
09:02:10       7   100    0    0    0    0    0     0     0     0    0
09:02:11       0     1    0    0    0    0    0     0     0     0   99
09:02:11       1     1    0    2    0    0    0     0     0     0   96
09:02:11       2    73    0   27    0    0    0     0     0     0    0
09:02:11       3     0    0    1    0    0    0     0     0     0   99
09:02:11       4     2    0    1    1    0    0     0     0     0   96
09:02:11       5     0    0    0    0    0    0     0     0     0  100
09:02:11       6     1    0    0    0    0    0     0     0     0   99
09:02:11       7    40    0    9    0    0    0     0     0     0   51
09:02:12       0     0    0    0    0    0    0     0     0     0  100
09:02:12       1     0    0    0    0    0    0     0     0     0  100
09:02:12       2    98    0    1    0    0    0     0     0     0    0
09:02:12       3     0    0    0    0    0    0     0     0     0  100
09:02:12       4     1    0    0    0    0    0     0     0     0   97
09:02:12       5     1    0    0    0    0    0     0     0     0   99
09:02:12       6     0    0    0    0    0    0     0     0     0  100
09:02:12       7    99    0    1    0    0    0     0     0     0    0
09:02:13       0     0    0    0    0    0    0     0     0     0  100
09:02:13       1     0    0    0    0    0    0     0     0     0  100
09:02:13       2   100    0    0    0    0    0     0     0     0    0
09:02:13       3     0    0    0    0    0    0     0     0     0  100
09:02:13       4     0    0    0    1    0    0     0     0     0   98
09:02:13       5     0    0    0    0    0    0     0     0     0  100
09:02:13       6     0    0    0    0    0    0     0     0     0  100
09:02:13       7   100    0    0    0    0    0     0     0     0    0
09:02:14       0     0    0    0    0    0    0     0     0     0  100
09:02:14       1     0    0    0    0    0    0     0     0     0  100
09:02:14       2    73    0   27    0    0    0     0     0     0    0
09:02:14       3     0    1    0    0    0    0     0     0     0   99
09:02:14       4     0    0    0    0    0    0     0     0     0  100
09:02:14       5     0    0    0    0    0    0     0     0     0  100
09:02:14       6     0    0    0    0    0    0     0     0     0   98
09:02:14       7    38    0    9    0    0    0     0     0     0   51
09:02:15       0     0    0    0    0    0    0     0     0     0  100
09:02:15       1     0    0    0    0    0    0     0     0     0   99
09:02:15       2   100    0    0    0    0    0     0     0     0    0
09:02:15       3     0    0    0    0    0    0     0     0     0  100
09:02:15       4     0    1    0    0    0    0     0     0     0   98
09:02:15       5     0    0    0    0    0    0     0     0     0  100
09:02:15       6     0    0    0    0    0    0     0     0     0  100
09:02:15       7   100    0    0    0    0    0     0     0     0    0
09:02:16       0     1    1    0    0    0    0     0     0     0   98
09:02:16       1     1    0    0    0    0    0     0     0     0   99
09:02:16       2   100    0    0    0    0    0     0     0     0    0
09:02:16       3     0    0    0    0    0    0     0     0     0  100
09:02:16       4     2    0    0    0    0    0     0     0     0   97
09:02:16       5     0    0    0    0    0    0     0     0     0   98
09:02:16       6     1    0    0    0    0    0     0     0     0   99
09:02:16       7   100    0    0    0    0    0     0     0     0    0
09:02:17       0     1    0    0    0    0    0     0     0     0   99
09:02:17       1     0    0    0    0    0    0     0     0     0  100
09:02:17       2    75    0   25    0    0    0     0     0     0    0
09:02:17       3     1    0    0    0    0    0     0     0     0   99
09:02:17       4     1    0    0    0    0    0     0     0     0   99
09:02:17       5     0    0    0    0    0    0     0     0     0  100
09:02:17       6     1    0    0    0    0    0     0     0     0   99
09:02:17       7    38    0   11    0    0    0     0     0     0   50
09:02:18       0     0    0    0    0    0    0     0     0     0  100
09:02:18       1     0    0    0    0    0    0     0     0     0  100
09:02:18       2   100    0    0    0    0    0     0     0     0    0
09:02:18       3     0    0    0    0    0    0     0     0     0  100
09:02:18       4     0    0    0    0    0    0     0     0     0  100
09:02:18       5     0    0    0    0    0    0     0     0     0   98
09:02:18       6     1    0    0    0    0    0     0     0     0   99
09:02:18       7   100    0    0    0    0    0     0     0     0    0

# SINGLE CPU[HYPER] STATISTICS
#Time        Cpu  User Nice  Sys Wait IRQ  Soft Steal Guest NiceG Idle
09:02:19       0     0    0    1    0    0    0     0     0     0   99
09:02:19       1     0    0    0    0    0    0     0     0     0  100
09:02:19       2    98    0    2    0    0    0     0     0     0    0
09:02:19       3     0    1    0    0    0    0     0     0     0   99
09:02:19       4     1    0    0    0    0    0     0     0     0   99
09:02:19       5     0    0    0    0    0    0     0     0     0  100
09:02:19       6     0    0    0    0    0    0     0     0     0  100
09:02:19       7    92    0    7    0    0    0     0     0     0    0
09:02:20       0     1    0    0    0    0    0     0     0     0   99
09:02:20       1     0    0    0    0    0    0     0     0     0  100
09:02:20       2    81    0   19    0    0    0     0     0     0    0
09:02:20       3     0    1    0    0    0    0     0     0     0   99
09:02:20       4     0    0    0    0    0    0     0     0     0  100
09:02:20       5     0    0    0    0    0    0     0     0     0  100
09:02:20       6     3    0    0    0    0    0     0     0     0   95
09:02:20       7    46    0    2    0    0    0     0     0     0   52
09:02:21       0     0    0    0    0    0    0     0     0     0  100
09:02:21       1     1    0    1    0    0    0     0     0     0   98
09:02:21       2   100    0    0    0    0    0     0     0     0    0
09:02:21       3     0    0    0    0    0    0     0     0     0  100
09:02:21       4     9    0    1    0    0    0     0     0     0   87
09:02:21       5     1    0    1    1    0    0     0     0     0   96
09:02:21       6     2    0    1    0    0    0     0     0     0   95
09:02:21       7   100    0    0    0    0    0     0     0     0    0
09:02:22       0     0    0    0    0    0    0     0     0     0  100
09:02:22       1     0    0    1    0    0    0     0     0     0   97
09:02:22       2    91    0    8    0    0    0     0     0     0    0
09:02:22       3     0    0    1    0    0    0     0     0     0   99
09:02:22       4     0    0    0    0    0    0     0     0     0   98
09:02:22       5     0    0    0    0    0    0     0     0     0   99
09:02:22       6     0    0    0    0    0    0     0     0     0  100
09:02:22       7    84    0    7    0    0    0     0     0     0    9
09:02:23       0     0    0    0    1    0    0     0     0     0   98
09:02:23       1     1    0    0    0    0    0     0     0     0   99
09:02:23       2    80    0   19    0    0    0     0     0     0    0
09:02:23       3     1    0    0    0    0    0     0     0     0   99
09:02:23       4     0    0    0    0    0    0     0     0     0  100
09:02:23       5     0    0    0    0    0    0     0     0     0   98
09:02:23       6     1    0    0    0    0    0     0     0     0   99
09:02:23       7    56    0    2    0    0    0     0     0     0   42
09:02:24       0     0    0    0    0    0    0     0     0     0  100
09:02:24       1     0    0    0    0    0    0     0     0     0  100
09:02:24       2   100    0    0    0    0    0     0     0     0    0
09:02:24       3     0    0    0    0    0    0     0     0     0   98
09:02:24       4     0    0    1    0    0    0     0     0     0   98
09:02:24       5     1    0    1    0    0    0     0     0     0   96
09:02:24       6     0    0    0    0    0    0     0     0     0  100
09:02:24       7   100    0    0    0    0    0     0     0     0    0
09:02:25       0     0    0    0    0    0    0     0     0     0  100
09:02:25       1     0    1    0    0    0    0     0     0     0   99
09:02:25       2    85    0   14    0    0    0     0     0     0    0
09:02:25       3     3    0    0    0    0    0     0     0     0   95
09:02:25       4     1    0    0    0    0    0     0     0     0   99
09:02:25       5     0    0    0    0    0    0     0     0     0  100
09:02:25       6     0    0    0    0    0    0     0     0     0   99
09:02:25       7    70    0    8    0    0    0     0     0     0   21
09:02:26       0     0    0    0    0    0    0     0     0     0  100
09:02:26       1     0    0    0    0    0    0     0     0     0  100
09:02:26       2    88    0   12    0    0    0     0     0     0    0
09:02:26       3     1    0    0    0    0    0     0     0     0   98
09:02:26       4     0    0    0    0    0    0     0     0     0   99
09:02:26       5     1    0    0    0    0    0     0     0     0   99
09:02:26       6     1    0    0    0    0    0     0     0     0   99
09:02:26       7    68    0    1    0    0    0     0     0     0   29
09:02:27       0     0    0    0    0    0    0     0     0     0  100
09:02:27       1     0    0    1    0    0    0     0     0     0   99
09:02:27       2   100    0    0    0    0    0     0     0     0    0
09:02:27       3     0    0    1    0    0    0     0     0     0   99
09:02:27       4     1    0    0    0    0    0     0     0     0   98
09:02:27       5     1    0    0    0    0    0     0     0     0   97
09:02:27       6     1    0    0    0    0    0     0     0     0   99
09:02:27       7   100    0    0    0    0    0     0     0     0    0
09:02:28       0     0    0    0    0    0    0     0     0     0  100
09:02:28       1     0    0    0    1    0    0     0     0     0   99
09:02:28       2    74    0   26    0    0    0     0     0     0    0
09:02:28       3     0    0    0    0    0    0     0     0     0  100
09:02:28       4     2    0    0    0    0    0     0     0     0   98
09:02:28       5     0    0    0    0    0    0     0     0     0   98
09:02:28       6     1    0    1    0    0    0     0     0     0   98
09:02:28       7    57    0    9    0    0    0     0     0     0   34
09:02:29       0     0    0    1    0    0    0     0     0     0   99
09:02:29       1     0    0    0    0    0    0     0     0     0  100
09:02:29       2    95    0    4    1    0    0     0     0     0    0
09:02:29       3     0    0    0    0    0    0     0     0     0  100
09:02:29       4     0    0    0    0    0    0     0     0     0  100
09:02:29       5     0    0    0    0    0    0     0     0     0  100
09:02:29       6     1    0    0    0    0    0     0     0     0   99
09:02:29       7    81    0    0    0    0    0     0     0     0   18
09:02:30       0     2    0    0    0    0    0     0     0     0   98
09:02:30       1     0    0    0    0    0    0     0     0     0  100
09:02:30       2    99    0    1    0    0    0     0     0     0    0
09:02:30       3     0    0    1    0    0    0     0     0     0   99
09:02:30       4     0    1    0    0    0    0     0     0     0   99
09:02:30       5     0    0    0    0    0    0     0     0     0  100
09:02:30       6     0    0    0    0    0    0     0     0     0  100
09:02:30       7   100    0    0    0    0    0     0     0     0    0
09:02:31       0     0    0    0    0    0    1     0     0     0   98
09:02:31       1     1    0    0    0    0    0     0     0     0   99
09:02:31       2    83    0   10    6    0    0     0     0     0    1
09:02:31       3     1    0    2    0    0    0     0     0     0   96
09:02:31       4     0    0    0    0    0    0     0     0     0   98
09:02:31       5     0    1    0    0    0    0     0     0     0   98
09:02:31       6     1    0    1    0    0    0     0     0     0   98
09:02:31       7    84    0   15    0    0    0     0     0     0    0
09:02:32       0     9    0    4    0    0    0     0     0     0   86
09:02:32       1     2    0    4    0    0    0     0     0     0   93
09:02:32       2     5    0    4    1    0    0     0     0     0   90
09:02:32       3     7    0    2    0    0    0     0     0     0   90
09:02:32       4    14    0    4    0    0    0     0     0     0   81
09:02:32       5     4    0    1    0    0    0     0     0     0   92
09:02:32       6     4    0    1    0    0    0     0     0     0   93
09:02:32       7     8    0    3    1    0    0     0     0     0   88
09:02:33       0     1    1    0    0    0    0     0     0     0   97
09:02:33       1     1    0    0    0    0    0     0     0     0   97
09:02:33       2     1    0    0    0    0    0     0     0     0   99
09:02:33       3     0   23    1    0    0    0     0     0     0   76
09:02:33       4     0    1    0    0    0    0     0     0     0   96
09:02:33       5     2    4    0    0    0    0     0     0     0   94
09:02:33       6     0   28    0    0    0    0     0     0     0   70
09:02:33       7     0    2    0    0    0    0     0     0     0   98
09:02:34       0     0    0    0    0    0    0     0     0     0   99
09:02:34       1     1    0    0    0    0    0     0     0     0   97
09:02:34       2     0    0    1    0    0    0     0     0     0   97
09:02:34       3     0    3    0    0    0    0     0     0     0   97
09:02:34       4     0    0    0    0    0    0     0     0     0  100
09:02:34       5     2    0    1    0    0    0     0     0     0   97
09:02:34       6     0    0    2    0    0    0     0     0     0   98
09:02:34       7     0    0    1    0    0    0     0     0     0   99
09:02:35       0     1    0    0    0    0    0     0     0     0   97
09:02:35       1     0    0    0    0    0    0     0     0     0   98
09:02:35       2     1    0    1    0    0    0     0     0     0   98
09:02:35       3     0    0    0    0    0    0     0     0     0  100
09:02:35       4     1    0    1    0    0    0     0     0     0   98
09:02:35       5     1    0    1    0    0    0     0     0     0   98
09:02:35       6     2    0    0    0    0    0     0     0     0   96
09:02:35       7     1    0    0    0    0    0     0     0     0   97
09:02:36       0     0    0    0    0    0    0     0     0     0   98
09:02:36       1     1    0    0    0    0    0     0     0     0   97
09:02:36       2     2    0    0    0    0    0     0     0     0   97
09:02:36       3     0    0    1    0    0    0     0     0     0   99
09:02:36       4     0    0    0    0    0    0     0     0     0  100
09:02:36       5     2    0    1    0    0    0     0     0     0   95
09:02:36       6     0    0    0    0    0    0     0     0     0  100
09:02:36       7     0    0    1    0    0    0     0     0     0   99
09:02:37       0     1    0    0    0    0    0     0     0     0   98
09:02:37       1     1    0    0    0    0    0     0     0     0   97
09:02:37       2     1    0    1    0    0    0     0     0     0   97
09:02:37       3     2    0    0    0    0    0     0     0     0   98
09:02:37       4     0    0    0    0    0    0     0     0     0  100
09:02:37       5     1    0    0    0    0    0     0     0     0   98
09:02:37       6     1    0    0    0    0    0     0     0     0   98
09:02:37       7     0    0    0    0    0    0     0     0     0  100
09:02:38       0     1    0    0    0    0    0     0     0     0   99
09:02:38       1     1    0    1    0    0    0     0     0     0   98
09:02:38       2     1    0    0    0    0    0     0     0     0   98
09:02:38       3     0    0    0    0    0    0     0     0     0  100
09:02:38       4     0    1    0    0    0    0     0     0     0   98
09:02:38       5     0    0    0    0    0    0     0     0     0  100
09:02:38       6     0    0    0    0    0    0     0     0     0   99
09:02:38       7     0    0    1    1    0    0     0     0     0   97
09:02:39       0     0    0    1    0    0    0     0     0     0   98
09:02:39       1     0    0    3    0    0    0     0     0     0   96
09:02:39       2     1    0    3    0    0    0     0     0     0   96
09:02:39       3     8    0    2    0    0    0     0     0     0   89
09:02:39       4     7    0    0    0    0    0     0     0     0   91
09:02:39       5     4    0    1    0    0    0     0     0     0   95
09:02:39       6     4    1    0    0    0    0     0     0     0   95
09:02:39       7     9    0    3    0    0    0     0     0     0   87
09:02:40       0     3    0    0    0    0    0     0     0     0   95
09:02:40       1     1    0    1    0    0    0     0     0     0   98
09:02:40       2     1    0    1    0    0    0     0     0     0   97
09:02:40       3     0    1    0    0    0    0     0     0     0   98
09:02:40       4     2    0    0    0    0    0     0     0     0   98
09:02:40       5     1    0    1    0    0    0     0     0     0   97
09:02:40       6     2    0    1    0    0    0     0     0     0   97
09:02:40       7     2    0    0    0    0    0     0     0     0   96

# SINGLE CPU[HYPER] STATISTICS
#Time        Cpu  User Nice  Sys Wait IRQ  Soft Steal Guest NiceG Idle
09:02:41       0     1    0    1    0    0    0     0     0     0   97
09:02:41       1     0    5    8    0    0    0     0     0     0   85
09:02:41       2     8    0    1    0    0    0     0     0     0   91
09:02:41       3     1    8    2    0    0    0     0     0     0   88
09:02:41       4     3    6    2    1    0    0     0     0     0   87
09:02:41       5     1    0    0    0    0    0     0     0     0   97
09:02:41       6     0    3    1    0    0    0     0     0     0   95
09:02:41       7     1   11    0    0    0    0     0     0     0   87
09:02:42       0     6    2    2    0    0    0     0     0     0   90
09:02:42       1    11    4    1    0    0    0     0     0     0   81
09:02:42       2     2    4    1    0    0    0     0     0     0   92
09:02:42       3     1    2    0    0    0    0     0     0     0   94
09:02:42       4     1    4    2    0    0    0     0     0     0   93
09:02:42       5     8    0    1    0    0    0     0     0     0   90
09:02:42       6     7    0    2    0    0    0     0     0     0   90
09:02:42       7     4    7    0    0    0    0     0     0     0   86
Ouch!
